Sample	CDS_Exons	5'UTR_Exons	3'UTR_Exons	Introns	TSS_up_1kb	TSS_up_1kb-5kb	TSS_up_5kb-10kb	TES_down_1kb	TES_down_1kb-5kb	TES_down_5kb-10kb	Other_intergenic
ES100_SEM19-140_Control-lipid_0	63334149.0	5685761.0	15556943.0	5451120.0	166193.0	106845.0	53483.0	679581.0	1023804.0	84022.0	1609329.0
ES101_SEM19-140_Control-lipid_14	57686246.0	5634751.0	15004429.0	5721638.0	147609.0	103923.0	53331.0	649568.0	937641.0	80885.0	1607052.0
ES102_SEM19-140_Control-lipid_21	64768621.0	5765421.0	16204920.0	6157471.0	184024.0	120235.0	61298.0	720241.0	1059348.0	90590.0	1763348.0
ES103_625_Control-lipid_0	71229317.0	5701354.0	17660497.0	6580930.0	187535.0	110621.0	51174.0	748680.0	1071906.0	83041.0	1882728.0
ES104_625_Control-lipid_14	55272678.0	4555854.0	13480591.0	5350999.0	149666.0	85748.0	39399.0	560090.0	774228.0	61984.0	1407243.0
ES105_625_Control-lipid_21	76221226.0	6653899.0	17964721.0	7169357.0	205297.0	110548.0	54524.0	825410.0	1169785.0	92993.0	1730521.0
ES10_172_Control-protein_14	59513172.0	5011725.0	14614696.0	5419781.0	137460.0	98276.0	51616.0	663761.0	896653.0	72431.0	1534261.0
ES11_172_Control-protein_21	65648998.0	5660312.0	16299316.0	5764464.0	146051.0	102824.0	54602.0	736726.0	983534.0	79015.0	1673842.0
ES12_209_MG-lipid_0	69726207.0	6545217.0	15749547.0	4859765.0	132461.0	78814.0	35813.0	639767.0	830369.0	52733.0	1416529.0
ES13_209_MG-lipid_14	66897788.0	5668632.0	16535578.0	5079508.0	143459.0	81572.0	35560.0	787499.0	1092929.0	56193.0	1451997.0
ES14_209_MG-lipid_21	56452734.0	5266803.0	13221767.0	4384490.0	115142.0	72645.0	32855.0	544610.0	754526.0	51584.0	1196862.0
ES15_601_Control-protein_14	62410099.0	5397216.0	14322094.0	5217379.0	177271.0	131184.0	65704.0	630328.0	836330.0	76542.0	1616897.0
ES16_601_Control-protein_21	70041763.0	5578030.0	16514044.0	5543224.0	181966.0	127544.0	66298.0	666654.0	810663.0	84463.0	1724613.0
ES17_615_Control-protein_0	66166236.0	5692898.0	15000527.0	5150325.0	143571.0	108375.0	52550.0	651692.0	866497.0	73482.0	1537674.0
ES18_615_Control-protein_14	59635924.0	4707560.0	15504831.0	6312374.0	170070.0	136211.0	68496.0	669223.0	884291.0	86220.0	1673977.0
ES19_615_Control-protein_21	58075656.0	4843803.0	14610430.0	5614759.0	161211.0	122738.0	66796.0	644039.0	839424.0	80342.0	1617747.0
ES1_48_Control-lipid_0	70150265.0	6042503.0	17300952.0	6157250.0	199515.0	123412.0	55422.0	747347.0	990756.0	82972.0	1862837.0
ES20_618_Control-lipid_0	68421727.0	6412298.0	15348305.0	5246026.0	188989.0	124959.0	58184.0	685171.0	958620.0	78175.0	1657572.0
ES21_618_Control-lipid_14	48143641.0	4146056.0	10968944.0	3835917.0	121068.0	87449.0	42098.0	493792.0	665430.0	58894.0	1233190.0
ES22_618_Control-lipid_21	63330276.0	5966174.0	15296526.0	5442952.0	190827.0	132802.0	61893.0	663035.0	907626.0	76633.0	1724961.0
ES23_Blue-010_Control-lipid_0	63347158.0	5544222.0	15892373.0	5644821.0	182358.0	125504.0	55692.0	744741.0	934317.0	74548.0	1609970.0
ES24_Blue-010_Control-lipid_21	69781754.0	5847208.0	16772228.0	5876751.0	192662.0	137804.0	70300.0	755608.0	988674.0	83895.0	1696890.0
ES25_619_MG-lipid_0	64608013.0	5534854.0	14138259.0	4905424.0	130851.0	86106.0	39833.0	576310.0	744163.0	59645.0	1455790.0
ES26_619_MG-lipid_14	61423476.0	5495398.0	14860308.0	5322564.0	140044.0	87398.0	40340.0	618168.0	843934.0	62316.0	1510294.0
ES27_619_MG-lipid_21	62569653.0	5144474.0	15489390.0	5889911.0	152485.0	105162.0	47237.0	664465.0	887386.0	69712.0	1578421.0
ES28_Blue-098_Control-lipid_0	73194715.0	6381655.0	18534565.0	7298341.0	248067.0	165600.0	86842.0	818153.0	1053284.0	109058.0	2108615.0
ES29_Blue-098_Control-lipid_14	71780823.0	5968051.0	18251775.0	6933733.0	200934.0	139545.0	78350.0	846605.0	1060835.0	100189.0	1937966.0
ES2_48_Control-lipid_14	64245922.0	6027214.0	14874674.0	4878479.0	161867.0	92086.0	42365.0	627520.0	894174.0	63767.0	1553642.0
ES30_Blue-098_Control-lipid_21	46987951.0	4235827.0	11968575.0	4738673.0	134529.0	90266.0	51847.0	506153.0	648479.0	66726.0	1320889.0
ES31_Blue-055_NA_0	68964950.0	6164035.0	15407307.0	5663999.0	187496.0	136902.0	67709.0	695480.0	997391.0	86163.0	1571004.0
ES32_Blue-055_NA_14	67389960.0	6279977.0	15669703.0	5017909.0	169273.0	105806.0	51589.0	740192.0	1047418.0	68513.0	1555157.0
ES33_101-LS_MG-lipid_0	70506785.0	5901305.0	15512892.0	5696334.0	205019.0	151060.0	63203.0	629220.0	851196.0	88247.0	1784717.0
ES34_101-LS_MG-lipid_14	64346328.0	5923196.0	15188982.0	5503715.0	207167.0	141939.0	59568.0	650575.0	885025.0	81341.0	1590331.0
ES35_101-LS_MG-lipid_21	63233382.0	5712242.0	15118863.0	5837546.0	198235.0	144337.0	62759.0	656023.0	911848.0	104658.0	1768742.0
ES36_AR17-21_MG-lipid_0	59253396.0	5815826.0	14069435.0	4366843.0	160411.0	108620.0	54896.0	578055.0	808838.0	72121.0	1398157.0
ES37_AR17-21_MG-lipid_14	65862252.0	5749293.0	16121047.0	5291829.0	170541.0	121303.0	67534.0	687391.0	873452.0	86605.0	1628895.0
ES38_AR17-21_MG-lipid_21	59629587.0	5320911.0	14879045.0	5122215.0	170042.0	128821.0	67130.0	646351.0	872470.0	83556.0	1576308.0
ES39_LD19-239_MG-lipid_14	61317057.0	4666073.0	16686707.0	5983647.0	153044.0	107705.0	51324.0	761860.0	937864.0	75587.0	1591454.0
ES3_48_Control-lipid_21	58444383.0	5585092.0	14580444.0	4773954.0	154191.0	90530.0	40033.0	589441.0	766276.0	62933.0	1436850.0
ES40_LD19-239_MG-lipid_21	73297498.0	6040282.0	17897865.0	6674992.0	189812.0	121386.0	57850.0	825748.0	1070755.0	91222.0	1835511.0
ES41_Blue-013_Control-protein_0	68642466.0	5623690.0	16040985.0	6299815.0	170683.0	131783.0	61763.0	649944.0	856689.0	82074.0	1818896.0
ES42_Blue-013_Control-protein_14	58747993.0	4920381.0	15086512.0	7046641.0	173512.0	138441.0	65382.0	640608.0	876592.0	72938.0	1542734.0
ES43_Blue-013_Control-protein_21	65352360.0	5024589.0	16321251.0	6528259.0	157347.0	119226.0	56029.0	613024.0	747567.0	68617.0	1562837.0
ES44_Blue-015_MG-lipid_0	68146418.0	5891557.0	17139078.0	6557735.0	213463.0	142951.0	69373.0	787964.0	1091122.0	96345.0	1761132.0
ES45_Blue-015_MG-lipid_14	77308319.0	6534007.0	19268398.0	6814157.0	211428.0	130458.0	64871.0	939410.0	1241953.0	95513.0	1757995.0
ES46_Blue-015_MG-lipid_21	60880698.0	5157147.0	16570319.0	7210836.0	209857.0	159972.0	73824.0	771359.0	1016802.0	101245.0	1769077.0
ES47_Blue-45_MG-protein_0	58492396.0	4727092.0	15870690.0	6338428.0	192711.0	149322.0	64517.0	728092.0	942803.0	86282.0	1607750.0
ES48_Blue-45_MG-protein_14	62803650.0	5429451.0	16313417.0	5438533.0	199929.0	130012.0	56638.0	701235.0	913333.0	75723.0	1582722.0
ES49_Blue-024_Control-protein_0	62261094.0	5358647.0	14196564.0	5144576.0	143712.0	108221.0	53720.0	576223.0	766525.0	72210.0	1603606.0
ES4_164_Control-protein_0	63140541.0	5687696.0	14199908.0	4844631.0	136658.0	73791.0	36486.0	608647.0	830810.0	54885.0	1444076.0
ES50_Blue-024_Control-protein_14	53781291.0	5124479.0	12808602.0	4782936.0	138944.0	98669.0	47773.0	510621.0	655684.0	62296.0	1411273.0
ES51_Blue-024_Control-protein_21	52540146.0	4998183.0	12625211.0	4577620.0	142189.0	96935.0	44847.0	496094.0	628654.0	61794.0	1397603.0
ES52_SEM19-1481_MG-lipid_14	62177911.0	5325126.0	15112390.0	5795047.0	159213.0	118152.0	54800.0	605642.0	766275.0	73044.0	1570126.0
ES53_SEM19-74_MG-protein_0	59140408.0	5184629.0	13918184.0	4799992.0	143270.0	97075.0	48866.0	569728.0	783180.0	66856.0	1365798.0
ES54_SEM19-74_MG-protein_14	60358890.0	5499020.0	14487902.0	5176839.0	143466.0	103768.0	52201.0	576262.0	760645.0	74003.0	1468959.0
ES55_SEM19-74_MG-protein_21	51789777.0	4250879.0	13242968.0	4787679.0	134190.0	104367.0	48826.0	594873.0	815111.0	68787.0	1493465.0
ES56_Blue-050_Control-lipid_21	68854415.0	6153628.0	14272578.0	4996976.0	176512.0	131387.0	63513.0	635046.0	889171.0	71230.0	1620539.0
ES57_Blue-031_MG-lipid_0	77720831.0	6618434.0	16747788.0	6184977.0	187665.0	134230.0	65854.0	715146.0	1026082.0	87039.0	1798680.0
ES58_Blue-032_MG-protein_0	67461204.0	6122282.0	16425038.0	5891001.0	198818.0	138070.0	68244.0	731810.0	1065534.0	88622.0	1948331.0
ES59_Blue-032_MG-protein_14	65168469.0	6133475.0	15861741.0	5687750.0	190401.0	133474.0	67544.0	656324.0	867437.0	87168.0	1782926.0
ES5_164_Control-protein_14	58571243.0	4792983.0	14139340.0	5148941.0	140988.0	79881.0	39713.0	634570.0	851038.0	56691.0	1377210.0
ES60_Blue-032_MG-protein_21	57204492.0	5376214.0	14624103.0	5318082.0	161558.0	112072.0	57587.0	591055.0	759785.0	76288.0	1580304.0
ES61_Blue-035_MG-protein_0	53527446.0	4611797.0	13434527.0	5512951.0	157597.0	114036.0	50244.0	612068.0	791802.0	65497.0	1362968.0
ES62_Blue-035_MG-protein_14	60064349.0	5548285.0	15130283.0	5778095.0	169630.0	111301.0	48923.0	639683.0	828334.0	65442.0	1536496.0
ES63_Blue-035_MG-protein_21	55554061.0	4999102.0	13658621.0	5522838.0	172349.0	114140.0	48743.0	605421.0	825956.0	66477.0	1454122.0
ES64_SEM19-1481_MG-lipid_21	65209026.0	5926709.0	15043515.0	5577959.0	175422.0	121017.0	55179.0	626247.0	843117.0	69641.0	1611799.0
ES65_106_NA_0	63510376.0	5571604.0	14619992.0	5082743.0	177587.0	118132.0	59912.0	587788.0	776966.0	68354.0	1600783.0
ES66_617_Control-protein_14	59627748.0	5661719.0	14135938.0	4902211.0	147075.0	91420.0	43835.0	589349.0	825031.0	64583.0	1447112.0
ES67_Blue-037_MG-protein_0	55141631.0	4614735.0	14819239.0	5901380.0	163860.0	111066.0	50440.0	646371.0	855929.0	76663.0	1591556.0
ES68_Blue-037_MG-protein_14	50928549.0	4259622.0	13606407.0	5126166.0	154122.0	97090.0	43015.0	556670.0	711964.0	56372.0	1335896.0
ES69_Blue-037_MG-protein_21	53762643.0	4647392.0	14222292.0	5504258.0	160284.0	107262.0	48031.0	613489.0	801511.0	67629.0	1542439.0
ES6_164_Control-protein_21	55227294.0	4831602.0	14308922.0	5592045.0	149680.0	82465.0	41281.0	632414.0	816527.0	58882.0	1366310.0
ES70_Blue-039_Control-lipid_0	75873658.0	7355668.0	17637582.0	6533123.0	226580.0	138425.0	67026.0	811850.0	1141281.0	94127.0	2022417.0
ES71_Blue-039_Control-lipid_14	53281134.0	5046887.0	12874516.0	4842728.0	140550.0	93837.0	46405.0	553498.0	738520.0	66879.0	1398178.0
ES72_Blue-039_Control-lipid_21	58719157.0	5493097.0	14041970.0	4956822.0	159705.0	105625.0	51702.0	571668.0	756277.0	70423.0	1617384.0
ES73_Blue-042_MG-protein_0	75126959.0	6366455.0	17514576.0	6472624.0	220491.0	161082.0	74161.0	689495.0	995162.0	97452.0	1894021.0
ES74_Blue-042_MG-protein_14	68411896.0	5926531.0	16871465.0	6911010.0	227888.0	182782.0	85309.0	664967.0	941497.0	108974.0	1970493.0
ES75_Blue-042_MG-protein_21	68934190.0	5900319.0	16325546.0	5278410.0	182017.0	122597.0	57412.0	615095.0	847893.0	85983.0	1703998.0
ES76_Blue-043_MG-lipid_0	55684056.0	5084040.0	13781194.0	5892148.0	172271.0	124655.0	57304.0	598507.0	783505.0	71064.0	1560331.0
ES77_Blue-043_MG-lipid_14	62421070.0	5273182.0	16277656.0	7009877.0	214932.0	150478.0	66585.0	735888.0	957192.0	76550.0	1729701.0
ES78_Blue-043_MG-lipid_21	67380477.0	5761194.0	17842245.0	7733384.0	224806.0	161773.0	74190.0	815233.0	1082266.0	92300.0	1926654.0
ES79_Blue-050_Control-lipid_0	52999104.0	4918791.0	12406064.0	4714178.0	160888.0	127937.0	58810.0	534163.0	730887.0	66389.0	1439802.0
ES7_SEM19-1354_Control-protein_14	60920363.0	5491616.0	14420969.0	6007798.0	176580.0	148708.0	67778.0	656995.0	873350.0	72677.0	1542051.0
ES80_Blue-050_Control-lipid_14	58308120.0	6223502.0	12676537.0	4783320.0	154503.0	124053.0	59412.0	554267.0	782653.0	68057.0	1415488.0
ES81_Blue-047_Control-lipid_0	63961620.0	5470104.0	14711805.0	5462400.0	200644.0	148119.0	63790.0	562037.0	817360.0	80594.0	1641953.0
ES82_Blue-047_Control-lipid_14	43888524.0	4737387.0	7374522.0	2882674.0	172527.0	84877.0	35999.0	253151.0	465540.0	41130.0	920566.0
ES83_SEM19-1481_MG-lipid_0	66041107.0	6085438.0	15502863.0	5686082.0	172646.0	124241.0	57045.0	571932.0	754067.0	68147.0	1581935.0
ES84_LD19-239_MG-lipid_0	63681930.0	5617013.0	15712852.0	5460793.0	164390.0	100418.0	46424.0	700297.0	953156.0	74464.0	1653590.0
ES85_orange-24_Control-protein_0	62679432.0	5679770.0	14606298.0	5447372.0	181706.0	116468.0	55182.0	667402.0	955016.0	71257.0	1515374.0
ES86_orange-24_Control-protein_14	48950547.0	4461048.0	11456371.0	4243742.0	133414.0	82183.0	40178.0	546049.0	798705.0	56432.0	1203206.0
ES87_orange-24_Control-protein_21	60821320.0	5547131.0	14170794.0	5160014.0	170530.0	113969.0	55157.0	655466.0	928270.0	70108.0	1482794.0
ES88_610_MG-protein_0	70153958.0	5559791.0	16547720.0	5670332.0	190536.0	119856.0	62508.0	717052.0	1077169.0	82531.0	1609316.0
ES8_SEM19-1354_Control-protein_21	63092616.0	5468649.0	15637682.0	6693042.0	210749.0	176816.0	79143.0	713783.0	965199.0	79747.0	1691216.0
ES90_Blue-049_Control-protein_14	61119019.0	5308651.0	14478090.0	5123845.0	170307.0	118902.0	53903.0	581087.0	850319.0	73374.0	1607090.0
ES91_Blue-049_Control-protein_21	58596138.0	5565429.0	13777576.0	4895103.0	152656.0	101803.0	47606.0	558190.0	753044.0	66639.0	1554828.0
ES92_SEM19-76_MG-lipid_0	70919556.0	6267767.0	16084806.0	4973167.0	149988.0	101890.0	47996.0	700553.0	1054196.0	76932.0	1544990.0
ES93_SEM19-76_MG-lipid_14	65690831.0	5873799.0	16478551.0	5372232.0	171203.0	105494.0	51177.0	723258.0	982406.0	70848.0	1594299.0
ES94_SEM19-76_MG-lipid_21	67825988.0	6402416.0	16093909.0	6236186.0	160327.0	115710.0	56270.0	739369.0	1054614.0	90069.0	1680941.0
ES95_610_MG-protein_14	68050475.0	5836061.0	16584824.0	6613448.0	227105.0	152299.0	83669.0	748044.0	1079987.0	95577.0	1848939.0
ES96_610_MG-protein_21	66974754.0	4795706.0	17064729.0	7039989.0	136174.0	149996.0	78323.0	790706.0	984261.0	92041.0	1761909.0
ES97_SEM19-107_MG-protein_0	64840947.0	5427613.0	16802827.0	6283367.0	168970.0	128454.0	59080.0	700159.0	973653.0	83039.0	1837782.0
ES98_SEM19-107_MG-protein_14	75467244.0	6157172.0	19823547.0	8819186.0	242851.0	169392.0	73089.0	806510.0	1128300.0	92232.0	2041295.0
ES99_SEM19-107_MG-protein_21	62808935.0	5121190.0	15640194.0	6514454.0	166710.0	120882.0	55433.0	628922.0	916077.0	78344.0	1904399.0
ES9_172_Control-protein_0	64405177.0	4689764.0	15682079.0	5885718.0	148213.0	111933.0	58170.0	784598.0	1115730.0	79963.0	1574539.0
