Sample	5.0	10.0	15.0	20.0	25.0	30.0	35.0	40.0	45.0	50.0	55.0	60.0	65.0	70.0	75.0	80.0	85.0	90.0	95.0	100.0
ES100_SEM19-140_Control-lipid_0	51980.0	67092.0	76487.0	83407.0	88833.0	93172.0	97002.0	100158.0	103056.0	105513.0	107853.0	109849.0	111697.0	113379.0	114973.0	116431.0	117800.0	119031.0	120147.0	121222.0
ES101_SEM19-140_Control-lipid_14	51073.0	66081.0	75593.0	82570.0	88152.0	92822.0	96843.0	100338.0	103420.0	106156.0	108650.0	110816.0	112851.0	114681.0	116503.0	118135.0	119644.0	121019.0	122421.0	123671.0
ES102_SEM19-140_Control-lipid_21	54427.0	70256.0	80076.0	87321.0	93217.0	98096.0	102304.0	105885.0	109129.0	111984.0	114570.0	116826.0	119058.0	121145.0	123056.0	124818.0	126450.0	128024.0	129423.0	130770.0
ES103_625_Control-lipid_0	56240.0	71560.0	81400.0	88677.0	94563.0	99228.0	103418.0	107011.0	110285.0	113144.0	115763.0	118250.0	120407.0	122407.0	124371.0	126106.0	127735.0	129231.0	130730.0	132088.0
ES104_625_Control-lipid_14	50278.0	64080.0	73029.0	79558.0	84766.0	89116.0	93001.0	96402.0	99491.0	102233.0	104615.0	106779.0	108830.0	110713.0	112536.0	114233.0	115778.0	117204.0	118584.0	119942.0
ES105_625_Control-lipid_21	57613.0	73414.0	83446.0	90773.0	96680.0	101616.0	105880.0	109580.0	112902.0	115915.0	118627.0	121091.0	123319.0	125442.0	127416.0	129182.0	130842.0	132463.0	134021.0	135409.0
ES10_172_Control-protein_14	52914.0	68629.0	78452.0	85693.0	91461.0	96104.0	100018.0	103403.0	106483.0	109172.0	111637.0	113889.0	116048.0	117913.0	119613.0	121200.0	122784.0	124162.0	125544.0	126893.0
ES11_172_Control-protein_21	54916.0	70471.0	80274.0	87303.0	93028.0	97767.0	101745.0	105330.0	108403.0	111103.0	113557.0	115788.0	117866.0	119822.0	121611.0	123266.0	124827.0	126236.0	127551.0	128791.0
ES12_209_MG-lipid_0	55475.0	70692.0	80070.0	86886.0	92088.0	96477.0	100079.0	103399.0	106220.0	108761.0	111056.0	113125.0	115027.0	116792.0	118362.0	119872.0	121272.0	122544.0	123781.0	124969.0
ES13_209_MG-lipid_14	54556.0	69197.0	78294.0	84856.0	90016.0	94251.0	97886.0	101171.0	104121.0	106645.0	108973.0	111093.0	113018.0	114799.0	116452.0	118039.0	119493.0	120812.0	122089.0	123307.0
ES14_209_MG-lipid_21	49220.0	63337.0	71949.0	78404.0	83564.0	87776.0	91380.0	94586.0	97463.0	99877.0	102201.0	104234.0	106100.0	107789.0	109413.0	111013.0	112411.0	113678.0	114959.0	116183.0
ES15_601_Control-protein_14	54466.0	70809.0	80852.0	88172.0	94136.0	99052.0	103221.0	106852.0	110111.0	112899.0	115506.0	117914.0	119941.0	121913.0	123744.0	125426.0	127064.0	128504.0	129900.0	131250.0
ES16_601_Control-protein_21	54803.0	70477.0	80526.0	87942.0	93821.0	98621.0	102789.0	106458.0	109807.0	112801.0	115439.0	117902.0	120054.0	122047.0	123964.0	125765.0	127419.0	128977.0	130439.0	131813.0
ES17_615_Control-protein_0	54736.0	70406.0	79953.0	86995.0	92484.0	97105.0	100968.0	104340.0	107264.0	109872.0	112216.0	114276.0	116249.0	117964.0	119625.0	121156.0	122613.0	123984.0	125278.0	126394.0
ES18_615_Control-protein_14	58159.0	73946.0	83653.0	90696.0	96283.0	100717.0	104603.0	108066.0	111125.0	113820.0	116293.0	118463.0	120498.0	122405.0	124236.0	125850.0	127366.0	128763.0	130074.0	131291.0
ES19_615_Control-protein_21	55933.0	72339.0	82695.0	90150.0	96176.0	100983.0	105120.0	108651.0	111793.0	114580.0	117176.0	119467.0	121623.0	123523.0	125378.0	127054.0	128611.0	130100.0	131431.0	132773.0
ES1_48_Control-lipid_0	58228.0	74438.0	84824.0	92364.0	98396.0	103451.0	107726.0	111453.0	114887.0	117880.0	120599.0	123089.0	125289.0	127299.0	129210.0	131081.0	132770.0	134368.0	135834.0	137233.0
ES20_618_Control-lipid_0	55783.0	72156.0	82549.0	90051.0	96162.0	101150.0	105312.0	108840.0	112034.0	114938.0	117591.0	119973.0	122161.0	124166.0	126042.0	127740.0	129262.0	130753.0	132104.0	133417.0
ES21_618_Control-lipid_14	48036.0	63011.0	72438.0	79183.0	84505.0	88993.0	92526.0	95773.0	98503.0	100959.0	103094.0	105088.0	106999.0	108611.0	110067.0	111505.0	112841.0	114089.0	115176.0	116301.0
ES22_618_Control-lipid_21	55212.0	71403.0	81412.0	88881.0	94783.0	99651.0	103775.0	107337.0	110504.0	113394.0	116080.0	118444.0	120629.0	122645.0	124553.0	126310.0	127971.0	129531.0	131007.0	132341.0
ES23_Blue-010_Control-lipid_0	56314.0	72255.0	82197.0	89374.0	95098.0	99853.0	103916.0	107439.0	110490.0	113295.0	115776.0	118150.0	120323.0	122281.0	124119.0	125822.0	127322.0	128716.0	130052.0	131376.0
ES24_Blue-010_Control-lipid_21	55904.0	71188.0	80621.0	87576.0	92939.0	97501.0	101416.0	104806.0	107819.0	110552.0	113007.0	115217.0	117277.0	119188.0	120934.0	122498.0	123989.0	125394.0	126734.0	127925.0
ES25_619_MG-lipid_0	51844.0	66939.0	76126.0	83005.0	88339.0	92859.0	96723.0	100067.0	102967.0	105585.0	107943.0	110058.0	112107.0	114002.0	115766.0	117271.0	118742.0	120011.0	121320.0	122524.0
ES26_619_MG-lipid_14	53194.0	68051.0	77649.0	84817.0	90353.0	95082.0	98983.0	102448.0	105483.0	108191.0	110661.0	112879.0	114961.0	116895.0	118696.0	120414.0	121936.0	123389.0	124724.0	126075.0
ES27_619_MG-lipid_21	54174.0	69309.0	78755.0	85680.0	91168.0	95524.0	99213.0	102518.0	105384.0	107858.0	110101.0	112081.0	113867.0	115496.0	117063.0	118489.0	119758.0	120932.0	122041.0	123109.0
ES28_Blue-098_Control-lipid_0	58676.0	74669.0	84727.0	92131.0	98431.0	103592.0	107998.0	111764.0	115301.0	118441.0	121298.0	123910.0	126390.0	128667.0	130684.0	132578.0	134376.0	136066.0	137629.0	139072.0
ES29_Blue-098_Control-lipid_14	58791.0	74419.0	84307.0	91768.0	97632.0	102669.0	106875.0	110502.0	113784.0	116654.0	119382.0	121730.0	123914.0	125929.0	127911.0	129698.0	131367.0	132931.0	134353.0	135690.0
ES2_48_Control-lipid_14	53107.0	68250.0	77863.0	84906.0	90568.0	95415.0	99405.0	102971.0	106197.0	109146.0	111690.0	114045.0	116242.0	118338.0	120264.0	122038.0	123786.0	125285.0	126693.0	128073.0
ES30_Blue-098_Control-lipid_21	49423.0	63731.0	72585.0	79333.0	84737.0	89319.0	93211.0	96605.0	99563.0	102228.0	104701.0	107050.0	109144.0	111104.0	112884.0	114562.0	116108.0	117597.0	118931.0	120232.0
ES31_Blue-055_NA_0	52191.0	67549.0	77169.0	84290.0	90100.0	94863.0	98882.0	102282.0	105352.0	108085.0	110521.0	112793.0	114825.0	116657.0	118347.0	119944.0	121391.0	122771.0	124060.0	125298.0
ES32_Blue-055_NA_14	57012.0	73278.0	83567.0	90904.0	96661.0	101326.0	105369.0	108907.0	111913.0	114675.0	117087.0	119331.0	121431.0	123253.0	124924.0	126575.0	128093.0	129517.0	130800.0	132047.0
ES33_101-LS_MG-lipid_0	51939.0	67063.0	76577.0	83548.0	89207.0	93920.0	98045.0	101661.0	104763.0	107591.0	110132.0	112542.0	114723.0	116698.0	118558.0	120223.0	121797.0	123276.0	124647.0	125961.0
ES34_101-LS_MG-lipid_14	53436.0	69302.0	79150.0	86599.0	92455.0	97245.0	101410.0	105065.0	108341.0	111314.0	113889.0	116382.0	118598.0	120631.0	122457.0	124176.0	125870.0	127417.0	128843.0	130209.0
ES35_101-LS_MG-lipid_21	51201.0	66509.0	76326.0	83681.0	89596.0	94454.0	98692.0	102329.0	105530.0	108409.0	111065.0	113436.0	115643.0	117616.0	119540.0	121286.0	122881.0	124418.0	125789.0	127093.0
ES36_AR17-21_MG-lipid_0	52151.0	67553.0	77352.0	84582.0	90222.0	94939.0	98919.0	102405.0	105554.0	108272.0	110854.0	113167.0	115374.0	117292.0	119117.0	120767.0	122359.0	123812.0	125232.0	126534.0
ES37_AR17-21_MG-lipid_14	54972.0	70503.0	80362.0	87580.0	93357.0	98045.0	102238.0	105901.0	109045.0	111859.0	114444.0	116782.0	118967.0	120993.0	122859.0	124589.0	126192.0	127698.0	129086.0	130383.0
ES38_AR17-21_MG-lipid_21	57736.0	74446.0	84797.0	92175.0	98011.0	102763.0	106944.0	110548.0	113653.0	116551.0	119104.0	121383.0	123573.0	125483.0	127310.0	128982.0	130605.0	132051.0	133456.0	134748.0
ES39_LD19-239_MG-lipid_14	58205.0	74587.0	84727.0	92237.0	98247.0	103138.0	107235.0	110909.0	114150.0	116997.0	119579.0	121999.0	124161.0	126243.0	128056.0	129727.0	131305.0	132842.0	134247.0	135603.0
ES3_48_Control-lipid_21	51663.0	66486.0	76040.0	83129.0	88732.0	93385.0	97429.0	100906.0	103983.0	106753.0	109268.0	111587.0	113704.0	115684.0	117528.0	119210.0	120850.0	122349.0	123766.0	125067.0
ES40_LD19-239_MG-lipid_21	58287.0	74933.0	85270.0	92992.0	99031.0	104186.0	108455.0	112285.0	115563.0	118444.0	121064.0	123455.0	125669.0	127647.0	129518.0	131283.0	132875.0	134389.0	135814.0	137139.0
ES41_Blue-013_Control-protein_0	55822.0	71564.0	81557.0	88785.0	94475.0	99148.0	103116.0	106626.0	109688.0	112403.0	114819.0	117142.0	119168.0	121057.0	122786.0	124395.0	125910.0	127362.0	128695.0	129948.0
ES42_Blue-013_Control-protein_14	55906.0	71334.0	80811.0	87794.0	93353.0	97859.0	101876.0	105299.0	108326.0	111106.0	113642.0	115963.0	118108.0	120069.0	121872.0	123559.0	125101.0	126546.0	127921.0	129219.0
ES43_Blue-013_Control-protein_21	56371.0	71347.0	80798.0	87688.0	93149.0	97687.0	101624.0	105066.0	108108.0	110772.0	113232.0	115433.0	117475.0	119342.0	121160.0	122818.0	124349.0	125810.0	127131.0	128492.0
ES44_Blue-015_MG-lipid_0	58084.0	74291.0	84386.0	91942.0	97953.0	102991.0	107222.0	111041.0	114344.0	117339.0	119964.0	122468.0	124775.0	126911.0	128811.0	130597.0	132317.0	133898.0	135361.0	136731.0
ES45_Blue-015_MG-lipid_14	60393.0	76510.0	86609.0	94105.0	100019.0	104927.0	109050.0	112725.0	115922.0	118875.0	121470.0	123895.0	126076.0	128099.0	129970.0	131693.0	133362.0	134881.0	136254.0	137610.0
ES46_Blue-015_MG-lipid_21	56112.0	72287.0	82635.0	90348.0	96578.0	101834.0	106358.0	110153.0	113537.0	116541.0	119316.0	121866.0	124218.0	126410.0	128387.0	130304.0	132037.0	133639.0	135180.0	136616.0
ES47_Blue-45_MG-protein_0	56861.0	73345.0	83641.0	91158.0	97300.0	102394.0	106807.0	110619.0	113901.0	116871.0	119482.0	121947.0	124165.0	126226.0	128191.0	129968.0	131581.0	133122.0	134627.0	135967.0
ES48_Blue-45_MG-protein_14	55210.0	70955.0	81011.0	88474.0	94538.0	99532.0	103720.0	107530.0	110874.0	113861.0	116613.0	119084.0	121319.0	123357.0	125367.0	127280.0	129021.0	130602.0	132036.0	133481.0
ES49_Blue-024_Control-protein_0	48057.0	62427.0	71355.0	78107.0	83509.0	87913.0	91708.0	95115.0	98060.0	100696.0	103003.0	105261.0	107330.0	109240.0	110927.0	112508.0	114030.0	115346.0	116637.0	117901.0
ES4_164_Control-protein_0	51276.0	66207.0	75470.0	82535.0	87890.0	92442.0	96351.0	99700.0	102769.0	105530.0	108043.0	110234.0	112195.0	114049.0	115844.0	117389.0	118937.0	120452.0	121803.0	123034.0
ES50_Blue-024_Control-protein_14	45086.0	58484.0	67056.0	73454.0	78658.0	82857.0	86440.0	89541.0	92322.0	94888.0	97178.0	99376.0	101316.0	103116.0	104860.0	106421.0	107867.0	109231.0	110544.0	111759.0
ES51_Blue-024_Control-protein_21	44277.0	57530.0	66060.0	72349.0	77477.0	81735.0	85416.0	88577.0	91332.0	93891.0	96281.0	98382.0	100295.0	102102.0	103805.0	105353.0	106806.0	108121.0	109381.0	110532.0
ES52_SEM19-1481_MG-lipid_14	54881.0	70167.0	79773.0	86848.0	92543.0	97224.0	101141.0	104686.0	107792.0	110619.0	113241.0	115562.0	117702.0	119689.0	121457.0	123118.0	124688.0	126196.0	127704.0	129042.0
ES53_SEM19-74_MG-protein_0	53948.0	69856.0	79687.0	86857.0	92574.0	97381.0	101478.0	104840.0	108024.0	110856.0	113345.0	115587.0	117598.0	119520.0	121359.0	123008.0	124530.0	125934.0	127321.0	128559.0
ES54_SEM19-74_MG-protein_14	53439.0	68957.0	78586.0	85617.0	91325.0	95972.0	100137.0	103648.0	106881.0	109747.0	112316.0	114627.0	116772.0	118726.0	120586.0	122292.0	123869.0	125345.0	126761.0	128027.0
ES55_SEM19-74_MG-protein_21	50929.0	66226.0	75935.0	83230.0	88968.0	93760.0	97782.0	101332.0	104508.0	107455.0	110038.0	112392.0	114682.0	116625.0	118501.0	120320.0	121879.0	123379.0	124812.0	126187.0
ES56_Blue-050_Control-lipid_21	49909.0	64405.0	73726.0	80618.0	85979.0	90708.0	94605.0	98059.0	101071.0	103847.0	106342.0	108585.0	110668.0	112647.0	114429.0	116071.0	117496.0	118980.0	120312.0	121566.0
ES57_Blue-031_MG-lipid_0	54088.0	69020.0	78293.0	85241.0	90704.0	95379.0	99295.0	102653.0	105566.0	108180.0	110602.0	112760.0	114720.0	116561.0	118234.0	119860.0	121343.0	122641.0	123853.0	125044.0
ES58_Blue-032_MG-protein_0	59696.0	76432.0	86811.0	94291.0	100253.0	105197.0	109203.0	112687.0	115768.0	118564.0	121022.0	123407.0	125491.0	127494.0	129270.0	130921.0	132436.0	133839.0	135186.0	136417.0
ES59_Blue-032_MG-protein_14	55652.0	71786.0	82220.0	89851.0	95792.0	100777.0	105153.0	108998.0	112370.0	115383.0	118053.0	120501.0	122723.0	124850.0	126812.0	128618.0	130326.0	131880.0	133334.0	134726.0
ES5_164_Control-protein_14	52492.0	67292.0	76654.0	83688.0	89353.0	93801.0	97661.0	101019.0	104033.0	106711.0	109250.0	111461.0	113446.0	115317.0	117030.0	118678.0	120151.0	121550.0	122863.0	124120.0
ES60_Blue-032_MG-protein_21	54302.0	70294.0	80392.0	87801.0	93574.0	98280.0	102344.0	105833.0	108885.0	111663.0	114109.0	116411.0	118462.0	120494.0	122286.0	124038.0	125590.0	127099.0	128496.0	129848.0
ES61_Blue-035_MG-protein_0	53921.0	69811.0	79764.0	87103.0	92869.0	97618.0	101672.0	105184.0	108332.0	111016.0	113575.0	115887.0	118016.0	119949.0	121670.0	123338.0	124889.0	126294.0	127631.0	128965.0
ES62_Blue-035_MG-protein_14	54777.0	70238.0	79746.0	86860.0	92592.0	97311.0	101218.0	104773.0	107880.0	110712.0	113291.0	115597.0	117639.0	119561.0	121343.0	123107.0	124656.0	126125.0	127521.0	128834.0
ES63_Blue-035_MG-protein_21	53749.0	69444.0	79383.0	86715.0	92532.0	97345.0	101369.0	104952.0	108094.0	110899.0	113444.0	115762.0	117814.0	119765.0	121581.0	123303.0	124899.0	126363.0	127842.0	129144.0
ES64_SEM19-1481_MG-lipid_21	54116.0	69392.0	78828.0	85943.0	91439.0	96220.0	100242.0	103727.0	106825.0	109612.0	112228.0	114594.0	116717.0	118662.0	120519.0	122246.0	123831.0	125347.0	126760.0	128163.0
ES65_106_NA_0	53293.0	68963.0	78651.0	85778.0	91335.0	95906.0	99854.0	103359.0	106405.0	109136.0	111590.0	113873.0	115931.0	117850.0	119582.0	121234.0	122717.0	124160.0	125461.0	126631.0
ES66_617_Control-protein_14	50133.0	65108.0	74586.0	81582.0	87158.0	91729.0	95596.0	99074.0	102151.0	104862.0	107377.0	109565.0	111596.0	113445.0	115152.0	116752.0	118278.0	119632.0	120961.0	122268.0
ES67_Blue-037_MG-protein_0	53634.0	68928.0	78920.0	86214.0	91954.0	96658.0	100765.0	104342.0	107482.0	110345.0	112898.0	115142.0	117257.0	119153.0	120946.0	122638.0	124230.0	125686.0	127074.0	128382.0
ES68_Blue-037_MG-protein_14	50005.0	63717.0	72368.0	78894.0	84063.0	88364.0	92017.0	95376.0	98313.0	100994.0	103371.0	105571.0	107680.0	109593.0	111309.0	112928.0	114428.0	115885.0	117203.0	118449.0
ES69_Blue-037_MG-protein_21	56830.0	73193.0	83475.0	90912.0	96694.0	101442.0	105504.0	109045.0	112187.0	115057.0	117645.0	119966.0	122080.0	124055.0	125858.0	127488.0	129086.0	130476.0	131828.0	133097.0
ES6_164_Control-protein_21	54173.0	69410.0	79170.0	86313.0	92085.0	96761.0	100773.0	104185.0	107199.0	109964.0	112454.0	114704.0	116726.0	118663.0	120426.0	122066.0	123609.0	124999.0	126346.0	127654.0
ES70_Blue-039_Control-lipid_0	60940.0	77961.0	88582.0	96217.0	102250.0	107162.0	111401.0	115130.0	118346.0	121251.0	123902.0	126232.0	128391.0	130317.0	132170.0	133822.0	135334.0	136795.0	138145.0	139434.0
ES71_Blue-039_Control-lipid_14	51667.0	67324.0	77248.0	84594.0	90338.0	95021.0	99026.0	102590.0	105633.0	108451.0	110956.0	113248.0	115354.0	117198.0	118907.0	120619.0	122161.0	123649.0	125048.0	126342.0
ES72_Blue-039_Control-lipid_21	51937.0	67356.0	77201.0	84499.0	90137.0	95027.0	99074.0	102824.0	106046.0	108990.0	111687.0	114175.0	116336.0	118272.0	120240.0	122008.0	123629.0	125091.0	126504.0	127944.0
ES73_Blue-042_MG-protein_0	55192.0	70933.0	80973.0	88211.0	94033.0	98815.0	102870.0	106593.0	109692.0	112512.0	115075.0	117469.0	119595.0	121609.0	123386.0	125149.0	126728.0	128222.0	129594.0	130901.0
ES74_Blue-042_MG-protein_14	54463.0	70389.0	80510.0	88174.0	94189.0	99367.0	103820.0	107664.0	111122.0	114212.0	117000.0	119588.0	121939.0	124168.0	126255.0	128096.0	129840.0	131557.0	133105.0	134615.0
ES75_Blue-042_MG-protein_21	52212.0	67116.0	76540.0	83668.0	89337.0	93967.0	97852.0	101574.0	104746.0	107647.0	110167.0	112600.0	114700.0	116744.0	118650.0	120553.0	122195.0	123764.0	125287.0	126700.0
ES76_Blue-043_MG-lipid_0	53146.0	68704.0	78569.0	85686.0	91377.0	96145.0	100220.0	103743.0	106794.0	109638.0	112126.0	114398.0	116420.0	118406.0	120105.0	121744.0	123255.0	124688.0	126045.0	127300.0
ES77_Blue-043_MG-lipid_14	57661.0	73820.0	83807.0	91343.0	97210.0	102200.0	106455.0	110104.0	113497.0	116374.0	119162.0	121633.0	123939.0	125991.0	127955.0	129731.0	131372.0	132944.0	134452.0	135837.0
ES78_Blue-043_MG-lipid_21	63563.0	80696.0	91278.0	99020.0	105093.0	109977.0	114271.0	117967.0	121083.0	123919.0	126526.0	128823.0	130991.0	132953.0	134825.0	136572.0	138205.0	139683.0	141072.0	142458.0
ES79_Blue-050_Control-lipid_0	48593.0	63456.0	72774.0	79556.0	85151.0	89711.0	93739.0	97120.0	100171.0	102986.0	105519.0	107872.0	109915.0	111861.0	113670.0	115335.0	116929.0	118428.0	119819.0	121117.0
ES7_SEM19-1354_Control-protein_14	51400.0	66683.0	76529.0	83810.0	89546.0	94470.0	98531.0	102171.0	105380.0	108340.0	110976.0	113419.0	115588.0	117586.0	119528.0	121304.0	122911.0	124485.0	125935.0	127319.0
ES80_Blue-050_Control-lipid_14	46681.0	60874.0	69720.0	76389.0	81715.0	86059.0	89611.0	92830.0	95769.0	98420.0	100899.0	103086.0	105103.0	106875.0	108605.0	110203.0	111682.0	113092.0	114443.0	115724.0
ES81_Blue-047_Control-lipid_0	51953.0	67234.0	77121.0	84210.0	89911.0	94735.0	98802.0	102423.0	105569.0	108409.0	111011.0	113367.0	115546.0	117551.0	119503.0	121273.0	122927.0	124397.0	125925.0	127261.0
ES82_Blue-047_Control-lipid_14	41882.0	55388.0	63919.0	70428.0	75713.0	80088.0	83889.0	87114.0	89975.0	92448.0	94790.0	96898.0	98825.0	100596.0	102274.0	103874.0	105332.0	106685.0	107928.0	109124.0
ES83_SEM19-1481_MG-lipid_0	54976.0	70231.0	79805.0	86923.0	92622.0	97282.0	101214.0	104695.0	107733.0	110484.0	112982.0	115335.0	117398.0	119286.0	121099.0	122810.0	124315.0	125843.0	127251.0	128553.0
ES84_LD19-239_MG-lipid_0	55199.0	71070.0	80933.0	88218.0	94247.0	99098.0	103188.0	106890.0	110148.0	112987.0	115572.0	117963.0	120139.0	122096.0	123895.0	125617.0	127236.0	128735.0	130183.0	131503.0
ES85_orange-24_Control-protein_0	55579.0	71785.0	81995.0	89549.0	95555.0	100570.0	104797.0	108471.0	111789.0	114805.0	117409.0	119853.0	122005.0	124108.0	126069.0	127876.0	129583.0	131153.0	132622.0	133970.0
ES86_orange-24_Control-protein_14	48188.0	62498.0	71543.0	78267.0	83689.0	88142.0	91922.0	95167.0	98122.0	100703.0	103132.0	105284.0	107272.0	109183.0	110908.0	112568.0	114022.0	115486.0	116816.0	118047.0
ES87_orange-24_Control-protein_21	51349.0	65610.0	74702.0	81486.0	86895.0	91378.0	95307.0	98739.0	101872.0	104681.0	107259.0	109586.0	111654.0	113644.0	115506.0	117231.0	118908.0	120470.0	121902.0	123223.0
ES88_610_MG-protein_0	59343.0	76203.0	86480.0	93955.0	99954.0	104752.0	108734.0	112309.0	115411.0	118090.0	120542.0	122787.0	124840.0	126740.0	128431.0	130092.0	131681.0	133126.0	134490.0	135745.0
ES8_SEM19-1354_Control-protein_21	53897.0	69359.0	79319.0	86720.0	92504.0	97347.0	101479.0	105049.0	108288.0	111192.0	113819.0	116113.0	118209.0	120214.0	122126.0	123900.0	125512.0	127071.0	128485.0	129786.0
ES90_Blue-049_Control-protein_14	49183.0	63615.0	72926.0	79698.0	85311.0	89933.0	93955.0	97475.0	100549.0	103319.0	105826.0	108111.0	110198.0	112203.0	114037.0	115715.0	117379.0	118917.0	120409.0	121731.0
ES91_Blue-049_Control-protein_21	49707.0	64381.0	73547.0	80234.0	85756.0	90260.0	94170.0	97634.0	100635.0	103343.0	105800.0	108089.0	110197.0	112083.0	113848.0	115491.0	116982.0	118365.0	119704.0	120985.0
ES92_SEM19-76_MG-lipid_0	52548.0	67984.0	77615.0	84688.0	90276.0	94880.0	98730.0	102125.0	105020.0	107800.0	110194.0	112350.0	114377.0	116228.0	117873.0	119464.0	120941.0	122352.0	123618.0	124894.0
ES93_SEM19-76_MG-lipid_14	53297.0	67645.0	76955.0	83784.0	89190.0	93773.0	97574.0	100940.0	103902.0	106558.0	108946.0	111180.0	113196.0	115065.0	116753.0	118322.0	119864.0	121175.0	122520.0	123755.0
ES94_SEM19-76_MG-lipid_21	50573.0	65158.0	74247.0	81047.0	86418.0	90759.0	94625.0	98040.0	101046.0	103724.0	106075.0	108206.0	110192.0	112081.0	113836.0	115355.0	116781.0	118211.0	119569.0	120850.0
ES95_610_MG-protein_14	58154.0	74750.0	85209.0	92800.0	98758.0	103611.0	107715.0	111419.0	114684.0	117556.0	120212.0	122553.0	124728.0	126755.0	128616.0	130404.0	132000.0	133483.0	134811.0	136163.0
ES96_610_MG-protein_21	58149.0	73786.0	83528.0	90629.0	96302.0	100984.0	105062.0	108560.0	111585.0	114360.0	116758.0	119034.0	121082.0	122992.0	124770.0	126401.0	127955.0	129387.0	130714.0	132029.0
ES97_SEM19-107_MG-protein_0	56487.0	71923.0	81768.0	89063.0	94813.0	99773.0	103892.0	107416.0	110524.0	113283.0	115864.0	118239.0	120383.0	122370.0	124219.0	125906.0	127481.0	128985.0	130430.0	131801.0
ES98_SEM19-107_MG-protein_14	61662.0	77794.0	88231.0	95897.0	102060.0	107364.0	111862.0	115833.0	119336.0	122425.0	125384.0	127989.0	130363.0	132547.0	134575.0	136457.0	138221.0	139884.0	141441.0	142903.0
ES99_SEM19-107_MG-protein_21	57057.0	73006.0	82999.0	90135.0	95920.0	100802.0	104872.0	108538.0	111725.0	114579.0	117185.0	119588.0	121701.0	123760.0	125642.0	127411.0	129045.0	130576.0	131982.0	133321.0
ES9_172_Control-protein_0	56424.0	72602.0	82599.0	89881.0	95684.0	100534.0	104624.0	108040.0	111074.0	113829.0	116244.0	118560.0	120659.0	122528.0	124216.0	125761.0	127287.0	128715.0	129998.0	131202.0
