	13.0	14.0	15.0	16.0	17.0	18.0	19.0	20.0	21.0	22.0	23.0	24.0	25.0	26.0	27.0	28.0	29.0	30.0	31.0	32.0	33.0	34.0	35.0	36.0	37.0
ES100_SEM19-140_Control-lipid_0_1	1.0	0.0	0.0	2.0	12.0	37.0	76.0	253.0	697.0	1708.0	4223.0	9156.0	20113.0	39725.0	74581.0	125148.0	195005.0	272291.0	375979.0	503861.0	710633.0	1057500.0	2203875.0	14013954.0	25527028.0
	11.0	12.0	13.0	14.0	15.0	16.0	17.0	18.0	19.0	20.0	21.0	22.0	23.0	24.0	25.0	26.0	27.0	28.0	29.0	30.0	31.0	32.0	33.0	34.0	35.0	36.0	37.0
ES100_SEM19-140_Control-lipid_0_2	10.0	151.0	1013.0	3881.0	9661.0	15972.0	25141.0	36441.0	52643.0	70618.0	97176.0	120100.0	137592.0	127793.0	123540.0	119157.0	123119.0	133432.0	156871.0	187863.0	242646.0	320762.0	466747.0	797576.0	2262170.0	16306566.0	23197217.0
	14.0	15.0	16.0	17.0	18.0	19.0	20.0	21.0	22.0	23.0	24.0	25.0	26.0	27.0	28.0	29.0	30.0	31.0	32.0	33.0	34.0	35.0	36.0	37.0
ES101_SEM19-140_Control-lipid_14_1	1.0	1.0	2.0	11.0	22.0	77.0	196.0	500.0	1402.0	3416.0	7762.0	17146.0	34514.0	66738.0	113160.0	179420.0	254650.0	352193.0	476641.0	670768.0	1000745.0	2070681.0	12851493.0	24704033.0
	11.0	12.0	13.0	14.0	15.0	16.0	17.0	18.0	19.0	20.0	21.0	22.0	23.0	24.0	25.0	26.0	27.0	28.0	29.0	30.0	31.0	32.0	33.0	34.0	35.0	36.0	37.0
ES101_SEM19-140_Control-lipid_14_2	4.0	132.0	779.0	3156.0	7502.0	12495.0	18081.0	25056.0	35103.0	46519.0	63989.0	80709.0	95236.0	93271.0	96110.0	99170.0	112167.0	126922.0	154319.0	187979.0	245084.0	327758.0	486332.0	846872.0	2367858.0	15951279.0	21321690.0
	16.0	17.0	18.0	19.0	20.0	21.0	22.0	23.0	24.0	25.0	26.0	27.0	28.0	29.0	30.0	31.0	32.0	33.0	34.0	35.0	36.0	37.0
ES102_SEM19-140_Control-lipid_21_1	3.0	7.0	33.0	100.0	279.0	740.0	1828.0	4737.0	9641.0	21153.0	41549.0	78175.0	130273.0	205444.0	286912.0	395643.0	529818.0	738995.0	1091359.0	2251078.0	14351171.0	27635084.0
	11.0	12.0	13.0	14.0	15.0	16.0	17.0	18.0	19.0	20.0	21.0	22.0	23.0	24.0	25.0	26.0	27.0	28.0	29.0	30.0	31.0	32.0	33.0	34.0	35.0	36.0	37.0
ES102_SEM19-140_Control-lipid_21_2	15.0	207.0	1378.0	5150.0	12415.0	21586.0	34423.0	51960.0	75942.0	103387.0	141524.0	170978.0	190901.0	172284.0	162632.0	150849.0	154560.0	163898.0	191830.0	226114.0	290890.0	381171.0	543803.0	903535.0	2492363.0	17249098.0	23881129.0
	15.0	16.0	17.0	18.0	19.0	20.0	21.0	22.0	23.0	24.0	25.0	26.0	27.0	28.0	29.0	30.0	31.0	32.0	33.0	34.0	35.0	36.0	37.0
ES103_625_Control-lipid_0_1	3.0	4.0	15.0	25.0	73.0	183.0	594.0	1501.0	3845.0	8580.0	19180.0	39935.0	76480.0	131768.0	209667.0	295979.0	408153.0	543835.0	760065.0	1114801.0	2291107.0	14900913.0	29995912.0
	11.0	12.0	13.0	14.0	15.0	16.0	17.0	18.0	19.0	20.0	21.0	22.0	23.0	24.0	25.0	26.0	27.0	28.0	29.0	30.0	31.0	32.0	33.0	34.0	35.0	36.0	37.0
ES103_625_Control-lipid_0_2	8.0	127.0	756.0	2781.0	6655.0	10517.0	16110.0	22288.0	31732.0	42671.0	59375.0	73625.0	88685.0	89251.0	96086.0	102125.0	118201.0	136158.0	167218.0	203168.0	266625.0	356173.0	519187.0	885249.0	2476787.0	18083473.0	26947587.0
	15.0	16.0	17.0	18.0	19.0	20.0	21.0	22.0	23.0	24.0	25.0	26.0	27.0	28.0	29.0	30.0	31.0	32.0	33.0	34.0	35.0	36.0	37.0
ES104_625_Control-lipid_14_1	1.0	1.0	9.0	43.0	105.0	241.0	694.0	1698.0	4024.0	8046.0	17011.0	33371.0	62508.0	104931.0	165788.0	233056.0	323359.0	431462.0	601918.0	891649.0	1854941.0	12210304.0	23588843.0
	11.0	12.0	13.0	14.0	15.0	16.0	17.0	18.0	19.0	20.0	21.0	22.0	23.0	24.0	25.0	26.0	27.0	28.0	29.0	30.0	31.0	32.0	33.0	34.0	35.0	36.0	37.0
ES104_625_Control-lipid_14_2	16.0	235.0	1454.0	5886.0	14946.0	25145.0	39773.0	58163.0	85478.0	116131.0	158881.0	194055.0	218013.0	193792.0	175121.0	154374.0	147107.0	149987.0	170396.0	197505.0	251358.0	325555.0	451893.0	714479.0	1874630.0	13646970.0	21162660.0
	16.0	17.0	18.0	19.0	20.0	21.0	22.0	23.0	24.0	25.0	26.0	27.0	28.0	29.0	30.0	31.0	32.0	33.0	34.0	35.0	36.0	37.0
ES105_625_Control-lipid_21_1	2.0	12.0	26.0	81.0	242.0	626.0	1505.0	3843.0	8680.0	20269.0	40638.0	76147.0	125997.0	198043.0	280282.0	391764.0	528237.0	740379.0	1100080.0	2270830.0	15602579.0	31833667.0
	11.0	12.0	13.0	14.0	15.0	16.0	17.0	18.0	19.0	20.0	21.0	22.0	23.0	24.0	25.0	26.0	27.0	28.0	29.0	30.0	31.0	32.0	33.0	34.0	35.0	36.0	37.0
ES105_625_Control-lipid_21_2	1.0	106.0	627.0	2326.0	6098.0	9883.0	15448.0	21220.0	30319.0	40561.0	58151.0	73216.0	89441.0	91621.0	98036.0	104336.0	118329.0	135277.0	164822.0	198490.0	256500.0	340561.0	494102.0	835015.0	2322680.0	18151816.0	29564947.0
	15.0	16.0	17.0	18.0	19.0	20.0	21.0	22.0	23.0	24.0	25.0	26.0	27.0	28.0	29.0	30.0	31.0	32.0	33.0	34.0	35.0	36.0	37.0
ES10_172_Control-protein_14_1	2.0	4.0	7.0	22.0	87.0	245.0	658.0	1597.0	3725.0	7793.0	16697.0	33358.0	64348.0	111529.0	179034.0	252199.0	346515.0	461975.0	641375.0	943849.0	1955825.0	12862151.0	24638023.0
	11.0	12.0	13.0	14.0	15.0	16.0	17.0	18.0	19.0	20.0	21.0	22.0	23.0	24.0	25.0	26.0	27.0	28.0	29.0	30.0	31.0	32.0	33.0	34.0	35.0	36.0	37.0
ES10_172_Control-protein_14_2	10.0	170.0	1310.0	5192.0	13913.0	22959.0	35413.0	50869.0	73623.0	99423.0	137909.0	171632.0	196044.0	172942.0	152831.0	133757.0	130075.0	135010.0	157257.0	185032.0	238014.0	313447.0	449078.0	746324.0	2051120.0	14905072.0	21942592.0
	15.0	16.0	17.0	18.0	19.0	20.0	21.0	22.0	23.0	24.0	25.0	26.0	27.0	28.0	29.0	30.0	31.0	32.0	33.0	34.0	35.0	36.0	37.0
ES11_172_Control-protein_21_1	3.0	6.0	17.0	38.0	143.0	341.0	920.0	2204.0	5297.0	10383.0	22217.0	42967.0	80951.0	133919.0	209688.0	295710.0	405743.0	542419.0	761089.0	1132768.0	2365734.0	14881456.0	26860133.0
	11.0	12.0	13.0	14.0	15.0	16.0	17.0	18.0	19.0	20.0	21.0	22.0	23.0	24.0	25.0	26.0	27.0	28.0	29.0	30.0	31.0	32.0	33.0	34.0	35.0	36.0	37.0
ES11_172_Control-protein_21_2	16.0	288.0	1934.0	7655.0	19183.0	31348.0	48920.0	73444.0	107326.0	147217.0	204439.0	252086.0	280252.0	244851.0	215513.0	186701.0	175842.0	179548.0	204949.0	241238.0	309045.0	403625.0	569227.0	924766.0	2473766.0	16855054.0	23595913.0
	16.0	17.0	18.0	19.0	20.0	21.0	22.0	23.0	24.0	25.0	26.0	27.0	28.0	29.0	30.0	31.0	32.0	33.0	34.0	35.0	36.0	37.0
ES12_209_MG-lipid_0_1	3.0	5.0	30.0	105.0	281.0	715.0	1774.0	4242.0	8576.0	18408.0	36602.0	69154.0	118531.0	189131.0	267636.0	367366.0	488623.0	677235.0	994908.0	2057338.0	14055168.0	28656622.0
	10.0	11.0	12.0	13.0	14.0	15.0	16.0	17.0	18.0	19.0	20.0	21.0	22.0	23.0	24.0	25.0	26.0	27.0	28.0	29.0	30.0	31.0	32.0	33.0	34.0	35.0	36.0	37.0
ES12_209_MG-lipid_0_2	1.0	7.0	236.0	1478.0	6190.0	16934.0	28694.0	44607.0	61711.0	85780.0	113290.0	158535.0	200162.0	230729.0	204539.0	178531.0	150990.0	139474.0	139382.0	156438.0	180416.0	227782.0	293033.0	410500.0	656148.0	1785148.0	15249119.0	27292599.0
	16.0	17.0	18.0	19.0	20.0	21.0	22.0	23.0	24.0	25.0	26.0	27.0	28.0	29.0	30.0	31.0	32.0	33.0	34.0	35.0	36.0	37.0
ES13_209_MG-lipid_14_1	4.0	7.0	41.0	113.0	274.0	777.0	1832.0	4478.0	9388.0	20084.0	39231.0	72918.0	122205.0	193260.0	270795.0	371500.0	491638.0	678841.0	995904.0	2065490.0	14059243.0	28053611.0
	11.0	12.0	13.0	14.0	15.0	16.0	17.0	18.0	19.0	20.0	21.0	22.0	23.0	24.0	25.0	26.0	27.0	28.0	29.0	30.0	31.0	32.0	33.0	34.0	35.0	36.0	37.0
ES13_209_MG-lipid_14_2	19.0	279.0	1636.0	6241.0	15343.0	25362.0	40050.0	58576.0	85306.0	117418.0	163660.0	201035.0	227643.0	201250.0	182843.0	163115.0	161247.0	167974.0	194118.0	226061.0	286791.0	370233.0	524250.0	877745.0	2482847.0	17235002.0	23435590.0
	14.0	15.0	16.0	17.0	18.0	19.0	20.0	21.0	22.0	23.0	24.0	25.0	26.0	27.0	28.0	29.0	30.0	31.0	32.0	33.0	34.0	35.0	36.0	37.0
ES14_209_MG-lipid_21_1	1.0	0.0	5.0	6.0	27.0	102.0	213.0	578.0	1425.0	3475.0	7170.0	15402.0	30642.0	59109.0	102416.0	163158.0	232127.0	321117.0	429104.0	599358.0	881001.0	1811692.0	11899366.0	23245510.0
	11.0	12.0	13.0	14.0	15.0	16.0	17.0	18.0	19.0	20.0	21.0	22.0	23.0	24.0	25.0	26.0	27.0	28.0	29.0	30.0	31.0	32.0	33.0	34.0	35.0	36.0	37.0
ES14_209_MG-lipid_21_2	10.0	248.0	1538.0	6379.0	15974.0	26404.0	40035.0	55657.0	77171.0	102515.0	144219.0	180387.0	204540.0	178768.0	156660.0	135158.0	127842.0	130223.0	147428.0	170374.0	215768.0	278935.0	392784.0	647818.0	1796340.0	13721351.0	20848478.0
	15.0	16.0	17.0	18.0	19.0	20.0	21.0	22.0	23.0	24.0	25.0	26.0	27.0	28.0	29.0	30.0	31.0	32.0	33.0	34.0	35.0	36.0	37.0
ES15_601_Control-protein_14_1	1.0	2.0	8.0	29.0	120.0	288.0	740.0	1990.0	4973.0	10256.0	21868.0	42038.0	76441.0	124198.0	191847.0	262968.0	357130.0	470801.0	649742.0	949273.0	1961763.0	13203326.0	26039268.0
	11.0	12.0	13.0	14.0	15.0	16.0	17.0	18.0	19.0	20.0	21.0	22.0	23.0	24.0	25.0	26.0	27.0	28.0	29.0	30.0	31.0	32.0	33.0	34.0	35.0	36.0	37.0
ES15_601_Control-protein_14_2	8.0	191.0	1354.0	4981.0	12543.0	21814.0	34961.0	53453.0	80105.0	110386.0	153041.0	184649.0	206240.0	180823.0	162512.0	144811.0	141797.0	146131.0	167572.0	197099.0	252353.0	329192.0	460475.0	736468.0	1981070.0	15055451.0	23549590.0
	15.0	16.0	17.0	18.0	19.0	20.0	21.0	22.0	23.0	24.0	25.0	26.0	27.0	28.0	29.0	30.0	31.0	32.0	33.0	34.0	35.0	36.0	37.0
ES16_601_Control-protein_21_1	2.0	3.0	15.0	36.0	93.0	274.0	683.0	1745.0	3970.0	8697.0	18942.0	37393.0	70679.0	120441.0	192201.0	270253.0	373515.0	493992.0	681817.0	1002231.0	2073053.0	14294098.0	28953023.0
	11.0	12.0	13.0	14.0	15.0	16.0	17.0	18.0	19.0	20.0	21.0	22.0	23.0	24.0	25.0	26.0	27.0	28.0	29.0	30.0	31.0	32.0	33.0	34.0	35.0	36.0	37.0
ES16_601_Control-protein_21_2	7.0	165.0	1207.0	5146.0	12588.0	20281.0	31952.0	46853.0	69393.0	95710.0	133629.0	167496.0	190295.0	170088.0	156473.0	143554.0	144432.0	153588.0	179007.0	213388.0	274095.0	359409.0	509588.0	832866.0	2285255.0	16919243.0	25481448.0
	15.0	16.0	17.0	18.0	19.0	20.0	21.0	22.0	23.0	24.0	25.0	26.0	27.0	28.0	29.0	30.0	31.0	32.0	33.0	34.0	35.0	36.0	37.0
ES17_615_Control-protein_0_1	4.0	4.0	10.0	42.0	101.0	242.0	654.0	1639.0	3896.0	7971.0	17175.0	34116.0	65929.0	113907.0	182464.0	257883.0	354663.0	469439.0	649621.0	948528.0	1945456.0	13423434.0	27615081.0
	11.0	12.0	13.0	14.0	15.0	16.0	17.0	18.0	19.0	20.0	21.0	22.0	23.0	24.0	25.0	26.0	27.0	28.0	29.0	30.0	31.0	32.0	33.0	34.0	35.0	36.0	37.0
ES17_615_Control-protein_0_2	14.0	260.0	1653.0	6719.0	17615.0	30465.0	46567.0	64607.0	88490.0	116622.0	161634.0	204596.0	235611.0	207850.0	180285.0	150574.0	138904.0	138378.0	156479.0	180415.0	227781.0	295724.0	419660.0	682661.0	1844872.0	14982027.0	25511796.0
	15.0	16.0	17.0	18.0	19.0	20.0	21.0	22.0	23.0	24.0	25.0	26.0	27.0	28.0	29.0	30.0	31.0	32.0	33.0	34.0	35.0	36.0	37.0
ES18_615_Control-protein_14_1	1.0	2.0	8.0	39.0	109.0	269.0	719.0	1719.0	4197.0	8280.0	18128.0	35658.0	67730.0	116020.0	184001.0	259907.0	356037.0	470548.0	645853.0	940766.0	1947567.0	13166603.0	26121661.0
	11.0	12.0	13.0	14.0	15.0	16.0	17.0	18.0	19.0	20.0	21.0	22.0	23.0	24.0	25.0	26.0	27.0	28.0	29.0	30.0	31.0	32.0	33.0	34.0	35.0	36.0	37.0
ES18_615_Control-protein_14_2	15.0	274.0	1542.0	6501.0	15745.0	26790.0	42551.0	63797.0	92425.0	127797.0	175156.0	213437.0	237188.0	206700.0	183764.0	160596.0	155606.0	160140.0	184834.0	215054.0	273145.0	351495.0	486365.0	771492.0	2059269.0	15144109.0	22990035.0
	15.0	16.0	17.0	18.0	19.0	20.0	21.0	22.0	23.0	24.0	25.0	26.0	27.0	28.0	29.0	30.0	31.0	32.0	33.0	34.0	35.0	36.0	37.0
ES19_615_Control-protein_21_1	1.0	2.0	3.0	32.0	83.0	244.0	713.0	1617.0	3762.0	7968.0	16734.0	32971.0	64338.0	111258.0	180876.0	255896.0	354494.0	469354.0	654453.0	958748.0	1970319.0	12879571.0	25238371.0
	11.0	12.0	13.0	14.0	15.0	16.0	17.0	18.0	19.0	20.0	21.0	22.0	23.0	24.0	25.0	26.0	27.0	28.0	29.0	30.0	31.0	32.0	33.0	34.0	35.0	36.0	37.0
ES19_615_Control-protein_21_2	17.0	324.0	1874.0	7226.0	17889.0	29703.0	45690.0	68067.0	99171.0	134232.0	186188.0	229082.0	255846.0	222853.0	196703.0	170460.0	161858.0	164426.0	188251.0	219537.0	279684.0	361375.0	503678.0	789901.0	2011262.0	14260755.0	22595756.0
	16.0	17.0	18.0	19.0	20.0	21.0	22.0	23.0	24.0	25.0	26.0	27.0	28.0	29.0	30.0	31.0	32.0	33.0	34.0	35.0	36.0	37.0
ES1_48_Control-lipid_0_1	5.0	11.0	37.0	122.0	335.0	861.0	1868.0	4743.0	9965.0	21109.0	40992.0	77804.0	129448.0	204154.0	287329.0	395487.0	525644.0	726786.0	1066061.0	2163792.0	14458801.0	30464929.0
	11.0	12.0	13.0	14.0	15.0	16.0	17.0	18.0	19.0	20.0	21.0	22.0	23.0	24.0	25.0	26.0	27.0	28.0	29.0	30.0	31.0	32.0	33.0	34.0	35.0	36.0	37.0
ES1_48_Control-lipid_0_2	15.0	247.0	1620.0	6277.0	15497.0	24715.0	38154.0	54631.0	79234.0	107753.0	150740.0	190735.0	217449.0	192944.0	176618.0	158192.0	157085.0	165301.0	190028.0	226025.0	289180.0	379742.0	544222.0	896348.0	2394299.0	17142384.0	26780848.0
	14.0	15.0	16.0	17.0	18.0	19.0	20.0	21.0	22.0	23.0	24.0	25.0	26.0	27.0	28.0	29.0	30.0	31.0	32.0	33.0	34.0	35.0	36.0	37.0
ES20_618_Control-lipid_0_1	1.0	2.0	2.0	13.0	31.0	111.0	294.0	729.0	1763.0	4323.0	9489.0	20453.0	40124.0	73952.0	121274.0	190673.0	262973.0	362012.0	481629.0	668101.0	985992.0	2047588.0	13777871.0	28478899.0
	11.0	12.0	13.0	14.0	15.0	16.0	17.0	18.0	19.0	20.0	21.0	22.0	23.0	24.0	25.0	26.0	27.0	28.0	29.0	30.0	31.0	32.0	33.0	34.0	35.0	36.0	37.0
ES20_618_Control-lipid_0_2	3.0	157.0	1014.0	4479.0	12642.0	21831.0	34113.0	49165.0	70531.0	95249.0	133986.0	169882.0	197733.0	177326.0	159296.0	138549.0	132286.0	134652.0	152580.0	177311.0	225998.0	294389.0	415628.0	676617.0	1863807.0	15525532.0	26663543.0
	16.0	17.0	18.0	19.0	20.0	21.0	22.0	23.0	24.0	25.0	26.0	27.0	28.0	29.0	30.0	31.0	32.0	33.0	34.0	35.0	36.0	37.0
ES21_618_Control-lipid_14_1	1.0	7.0	23.0	77.0	170.0	496.0	1397.0	3347.0	7101.0	14753.0	29332.0	54671.0	91788.0	143184.0	196732.0	265542.0	348353.0	478604.0	699060.0	1439698.0	9562821.0	19899912.0
	11.0	12.0	13.0	14.0	15.0	16.0	17.0	18.0	19.0	20.0	21.0	22.0	23.0	24.0	25.0	26.0	27.0	28.0	29.0	30.0	31.0	32.0	33.0	34.0	35.0	36.0	37.0
ES21_618_Control-lipid_14_2	10.0	164.0	924.0	3075.0	7190.0	11309.0	16997.0	24437.0	35397.0	48523.0	69547.0	91251.0	113038.0	111265.0	112143.0	107759.0	108074.0	109163.0	122299.0	140116.0	175794.0	228645.0	324460.0	534880.0	1454629.0	11211397.0	18074583.0
	14.0	15.0	16.0	17.0	18.0	19.0	20.0	21.0	22.0	23.0	24.0	25.0	26.0	27.0	28.0	29.0	30.0	31.0	32.0	33.0	34.0	35.0	36.0	37.0
ES22_618_Control-lipid_21_1	3.0	1.0	1.0	10.0	51.0	95.0	269.0	812.0	1848.0	4460.0	9267.0	19862.0	39208.0	74767.0	127367.0	202547.0	282328.0	388106.0	517349.0	721896.0	1061232.0	2187883.0	13845619.0	26446132.0
	11.0	12.0	13.0	14.0	15.0	16.0	17.0	18.0	19.0	20.0	21.0	22.0	23.0	24.0	25.0	26.0	27.0	28.0	29.0	30.0	31.0	32.0	33.0	34.0	35.0	36.0	37.0
ES22_618_Control-lipid_21_2	4.0	226.0	1711.0	6745.0	18039.0	30447.0	46871.0	66233.0	93000.0	123959.0	172267.0	214927.0	245327.0	216985.0	190170.0	162945.0	153394.0	153278.0	173997.0	198946.0	252566.0	325916.0	458023.0	746803.0	2013946.0	15305347.0	24559041.0
	15.0	16.0	17.0	18.0	19.0	20.0	21.0	22.0	23.0	24.0	25.0	26.0	27.0	28.0	29.0	30.0	31.0	32.0	33.0	34.0	35.0	36.0	37.0
ES23_Blue-010_Control-lipid_0_1	3.0	3.0	12.0	41.0	87.0	276.0	741.0	1781.0	4334.0	9112.0	19334.0	37612.0	69780.0	116269.0	182126.0	256534.0	354617.0	473832.0	659903.0	971005.0	1990143.0	13197093.0	27268194.0
	11.0	12.0	13.0	14.0	15.0	16.0	17.0	18.0	19.0	20.0	21.0	22.0	23.0	24.0	25.0	26.0	27.0	28.0	29.0	30.0	31.0	32.0	33.0	34.0	35.0	36.0	37.0
ES23_Blue-010_Control-lipid_0_2	11.0	186.0	1117.0	4650.0	12027.0	20384.0	32099.0	47442.0	69261.0	93293.0	131400.0	163136.0	187490.0	168160.0	152311.0	135926.0	132926.0	137351.0	159221.0	188299.0	241808.0	316577.0	449834.0	731329.0	1956458.0	15208762.0	24871374.0
	15.0	16.0	17.0	18.0	19.0	20.0	21.0	22.0	23.0	24.0	25.0	26.0	27.0	28.0	29.0	30.0	31.0	32.0	33.0	34.0	35.0	36.0	37.0
ES24_Blue-010_Control-lipid_21_1	1.0	4.0	18.0	28.0	115.0	286.0	673.0	1675.0	4197.0	8774.0	18784.0	37403.0	71350.0	122547.0	195376.0	277332.0	385934.0	516823.0	721955.0	1063913.0	2175266.0	14468138.0	29381626.0
	11.0	12.0	13.0	14.0	15.0	16.0	17.0	18.0	19.0	20.0	21.0	22.0	23.0	24.0	25.0	26.0	27.0	28.0	29.0	30.0	31.0	32.0	33.0	34.0	35.0	36.0	37.0
ES24_Blue-010_Control-lipid_21_2	14.0	254.0	1498.0	5818.0	14634.0	24153.0	36882.0	51778.0	74102.0	100517.0	141827.0	177452.0	203241.0	181759.0	164542.0	147255.0	145451.0	153073.0	176960.0	207487.0	265135.0	345176.0	488381.0	791741.0	2098653.0	16264587.0	27189848.0
	16.0	17.0	18.0	19.0	20.0	21.0	22.0	23.0	24.0	25.0	26.0	27.0	28.0	29.0	30.0	31.0	32.0	33.0	34.0	35.0	36.0	37.0
ES25_619_MG-lipid_0_1	3.0	12.0	39.0	91.0	270.0	706.0	1777.0	4212.0	8758.0	19063.0	37301.0	69271.0	113431.0	177115.0	245007.0	332678.0	437571.0	601097.0	873876.0	1796727.0	12507534.0	26574131.0
	11.0	12.0	13.0	14.0	15.0	16.0	17.0	18.0	19.0	20.0	21.0	22.0	23.0	24.0	25.0	26.0	27.0	28.0	29.0	30.0	31.0	32.0	33.0	34.0	35.0	36.0	37.0
ES25_619_MG-lipid_0_2	14.0	219.0	1451.0	5968.0	15062.0	24077.0	36670.0	52107.0	74842.0	100967.0	141646.0	179724.0	206142.0	182507.0	161635.0	141897.0	137726.0	142661.0	164103.0	193595.0	246579.0	322613.0	463047.0	767688.0	2108200.0	15270736.0	22658794.0
	15.0	16.0	17.0	18.0	19.0	20.0	21.0	22.0	23.0	24.0	25.0	26.0	27.0	28.0	29.0	30.0	31.0	32.0	33.0	34.0	35.0	36.0	37.0
ES26_619_MG-lipid_14_1	1.0	2.0	12.0	40.0	104.0	278.0	660.0	1670.0	4048.0	8216.0	18029.0	36061.0	68477.0	116360.0	183774.0	257944.0	351371.0	463583.0	638994.0	932765.0	1927194.0	13043463.0	25824609.0
	11.0	12.0	13.0	14.0	15.0	16.0	17.0	18.0	19.0	20.0	21.0	22.0	23.0	24.0	25.0	26.0	27.0	28.0	29.0	30.0	31.0	32.0	33.0	34.0	35.0	36.0	37.0
ES26_619_MG-lipid_14_2	16.0	283.0	1853.0	7161.0	18448.0	29519.0	45295.0	65128.0	92178.0	123150.0	171813.0	211863.0	240512.0	209605.0	182418.0	155467.0	147672.0	147876.0	165698.0	193413.0	242929.0	314085.0	436876.0	712993.0	1962177.0	14950199.0	23049028.0
	15.0	16.0	17.0	18.0	19.0	20.0	21.0	22.0	23.0	24.0	25.0	26.0	27.0	28.0	29.0	30.0	31.0	32.0	33.0	34.0	35.0	36.0	37.0
ES27_619_MG-lipid_21_1	1.0	1.0	10.0	30.0	91.0	222.0	732.0	1783.0	4239.0	9091.0	19702.0	38737.0	70805.0	115626.0	180203.0	251157.0	345041.0	459560.0	637832.0	941670.0	1952109.0	13269243.0	26369140.0
	11.0	12.0	13.0	14.0	15.0	16.0	17.0	18.0	19.0	20.0	21.0	22.0	23.0	24.0	25.0	26.0	27.0	28.0	29.0	30.0	31.0	32.0	33.0	34.0	35.0	36.0	37.0
ES27_619_MG-lipid_21_2	5.0	153.0	976.0	4034.0	10552.0	17557.0	27497.0	40625.0	58648.0	80884.0	112443.0	141382.0	163358.0	149463.0	137729.0	123059.0	121876.0	125434.0	144252.0	170332.0	218469.0	286046.0	408515.0	663171.0	1805565.0	14692146.0	24962854.0
	15.0	16.0	17.0	18.0	19.0	20.0	21.0	22.0	23.0	24.0	25.0	26.0	27.0	28.0	29.0	30.0	31.0	32.0	33.0	34.0	35.0	36.0	37.0
ES28_Blue-098_Control-lipid_0_1	1.0	1.0	13.0	39.0	101.0	245.0	738.0	1915.0	4501.0	9481.0	20522.0	41331.0	78892.0	134444.0	214822.0	304789.0	424823.0	570256.0	794226.0	1178890.0	2440115.0	16262073.0	31633771.0
	10.0	11.0	12.0	13.0	14.0	15.0	16.0	17.0	18.0	19.0	20.0	21.0	22.0	23.0	24.0	25.0	26.0	27.0	28.0	29.0	30.0	31.0	32.0	33.0	34.0	35.0	36.0	37.0
ES28_Blue-098_Control-lipid_0_2	1.0	10.0	181.0	1131.0	4407.0	11106.0	19138.0	30899.0	45989.0	68231.0	93767.0	130415.0	160615.0	182437.0	166174.0	156276.0	145101.0	148980.0	158763.0	185253.0	218117.0	279134.0	363476.0	511632.0	824058.0	2233768.0	17986903.0	29990027.0
	16.0	17.0	18.0	19.0	20.0	21.0	22.0	23.0	24.0	25.0	26.0	27.0	28.0	29.0	30.0	31.0	32.0	33.0	34.0	35.0	36.0	37.0
ES29_Blue-098_Control-lipid_14_1	1.0	12.0	39.0	105.0	237.0	643.0	1512.0	3863.0	8682.0	18657.0	37395.0	70573.0	120319.0	191286.0	272764.0	384494.0	517531.0	729061.0	1082654.0	2246463.0	15271272.0	30961291.0
	11.0	12.0	13.0	14.0	15.0	16.0	17.0	18.0	19.0	20.0	21.0	22.0	23.0	24.0	25.0	26.0	27.0	28.0	29.0	30.0	31.0	32.0	33.0	34.0	35.0	36.0	37.0
ES29_Blue-098_Control-lipid_14_2	5.0	101.0	694.0	2713.0	6959.0	11397.0	18156.0	27136.0	40712.0	55815.0	79146.0	100636.0	121210.0	116526.0	118943.0	119561.0	132094.0	148916.0	180669.0	219083.0	285043.0	380797.0	558224.0	938352.0	2550279.0	18372335.0	27333352.0
	16.0	17.0	18.0	19.0	20.0	21.0	22.0	23.0	24.0	25.0	26.0	27.0	28.0	29.0	30.0	31.0	32.0	33.0	34.0	35.0	36.0	37.0
ES2_48_Control-lipid_14_1	2.0	13.0	41.0	103.0	257.0	713.0	1788.0	4202.0	9228.0	19562.0	39615.0	76031.0	127403.0	200722.0	276898.0	375655.0	490907.0	675077.0	983938.0	2041664.0	13747052.0	26143839.0
	11.0	12.0	13.0	14.0	15.0	16.0	17.0	18.0	19.0	20.0	21.0	22.0	23.0	24.0	25.0	26.0	27.0	28.0	29.0	30.0	31.0	32.0	33.0	34.0	35.0	36.0	37.0
ES2_48_Control-lipid_14_2	13.0	152.0	1228.0	4987.0	13328.0	22846.0	36609.0	54257.0	78923.0	107074.0	150292.0	188358.0	212776.0	187442.0	167033.0	146126.0	141558.0	143900.0	163952.0	190854.0	240829.0	306755.0	422590.0	675563.0	1876849.0	15231902.0	24448514.0
	17.0	18.0	19.0	20.0	21.0	22.0	23.0	24.0	25.0	26.0	27.0	28.0	29.0	30.0	31.0	32.0	33.0	34.0	35.0	36.0	37.0
ES30_Blue-098_Control-lipid_21_1	13.0	34.0	83.0	214.0	603.0	1504.0	3393.0	7198.0	15282.0	30026.0	55899.0	95096.0	150255.0	211558.0	292424.0	389120.0	541053.0	800200.0	1657346.0	10764702.0	20270262.0
	11.0	12.0	13.0	14.0	15.0	16.0	17.0	18.0	19.0	20.0	21.0	22.0	23.0	24.0	25.0	26.0	27.0	28.0	29.0	30.0	31.0	32.0	33.0	34.0	35.0	36.0	37.0
ES30_Blue-098_Control-lipid_21_2	9.0	167.0	1275.0	4936.0	12208.0	20983.0	34046.0	51260.0	76768.0	103842.0	143324.0	174398.0	195592.0	171130.0	153419.0	134785.0	129302.0	131184.0	148999.0	171971.0	217621.0	279063.0	385248.0	615320.0	1673502.0	12314274.0	17941639.0
	14.0	15.0	16.0	17.0	18.0	19.0	20.0	21.0	22.0	23.0	24.0	25.0	26.0	27.0	28.0	29.0	30.0	31.0	32.0	33.0	34.0	35.0	36.0	37.0
ES31_Blue-055_NA_0_1	1.0	0.0	3.0	8.0	28.0	78.0	194.0	482.0	1262.0	3213.0	6820.0	15655.0	31701.0	60085.0	102341.0	164325.0	232556.0	325756.0	435984.0	602617.0	893564.0	1890258.0	14022388.0	27710648.0
	11.0	12.0	13.0	14.0	15.0	16.0	17.0	18.0	19.0	20.0	21.0	22.0	23.0	24.0	25.0	26.0	27.0	28.0	29.0	30.0	31.0	32.0	33.0	34.0	35.0	36.0	37.0
ES31_Blue-055_NA_0_2	1.0	40.0	250.0	1044.0	2798.0	4759.0	7576.0	11042.0	16238.0	22478.0	32328.0	42568.0	52312.0	55591.0	60842.0	66829.0	79494.0	94569.0	119099.0	146325.0	191581.0	255651.0	368966.0	621141.0	1816590.0	16005173.0	26424682.0
	16.0	17.0	18.0	19.0	20.0	21.0	22.0	23.0	24.0	25.0	26.0	27.0	28.0	29.0	30.0	31.0	32.0	33.0	34.0	35.0	36.0	37.0
ES32_Blue-055_NA_14_1	2.0	9.0	33.0	106.0	279.0	683.0	1633.0	3879.0	8272.0	17873.0	35684.0	67763.0	115586.0	185485.0	264121.0	369553.0	494210.0	689289.0	1022851.0	2118275.0	14220613.0	28117659.0
	11.0	12.0	13.0	14.0	15.0	16.0	17.0	18.0	19.0	20.0	21.0	22.0	23.0	24.0	25.0	26.0	27.0	28.0	29.0	30.0	31.0	32.0	33.0	34.0	35.0	36.0	37.0
ES32_Blue-055_NA_14_2	6.0	147.0	1006.0	3897.0	10101.0	17407.0	28169.0	42116.0	62056.0	85697.0	119256.0	149220.0	170762.0	155551.0	142918.0	130551.0	129732.0	136599.0	157401.0	184982.0	235158.0	306190.0	429537.0	694072.0	1943367.0	16163684.0	26234276.0
	15.0	16.0	17.0	18.0	19.0	20.0	21.0	22.0	23.0	24.0	25.0	26.0	27.0	28.0	29.0	30.0	31.0	32.0	33.0	34.0	35.0	36.0	37.0
ES33_101-LS_MG-lipid_0_1	2.0	3.0	14.0	48.0	100.0	233.0	743.0	1758.0	4517.0	9443.0	20766.0	40628.0	75739.0	125668.0	195326.0	271687.0	369394.0	487695.0	668871.0	978432.0	2028894.0	14179262.0	28438527.0
	11.0	12.0	13.0	14.0	15.0	16.0	17.0	18.0	19.0	20.0	21.0	22.0	23.0	24.0	25.0	26.0	27.0	28.0	29.0	30.0	31.0	32.0	33.0	34.0	35.0	36.0	37.0
ES33_101-LS_MG-lipid_0_2	5.0	102.0	640.0	2954.0	7760.0	13165.0	21263.0	32252.0	49005.0	68384.0	96699.0	122553.0	141301.0	129821.0	119838.0	109367.0	110106.0	114681.0	133308.0	158368.0	202977.0	267222.0	380003.0	619821.0	1761034.0	15486520.0	27748601.0
	15.0	16.0	17.0	18.0	19.0	20.0	21.0	22.0	23.0	24.0	25.0	26.0	27.0	28.0	29.0	30.0	31.0	32.0	33.0	34.0	35.0	36.0	37.0
ES34_101-LS_MG-lipid_14_1	2.0	1.0	6.0	33.0	66.0	219.0	580.0	1477.0	3754.0	8244.0	18067.0	36009.0	67086.0	110874.0	172969.0	240827.0	331726.0	443403.0	613167.0	903486.0	1884340.0	13178681.0	26863605.0
	11.0	12.0	13.0	14.0	15.0	16.0	17.0	18.0	19.0	20.0	21.0	22.0	23.0	24.0	25.0	26.0	27.0	28.0	29.0	30.0	31.0	32.0	33.0	34.0	35.0	36.0	37.0
ES34_101-LS_MG-lipid_14_2	6.0	100.0	574.0	2149.0	5349.0	8491.0	13567.0	20698.0	31482.0	44034.0	62858.0	79766.0	96539.0	94879.0	97010.0	98315.0	108198.0	121183.0	145999.0	175768.0	228465.0	303747.0	446165.0	767435.0	2242853.0	16524413.0	23158579.0
	15.0	16.0	17.0	18.0	19.0	20.0	21.0	22.0	23.0	24.0	25.0	26.0	27.0	28.0	29.0	30.0	31.0	32.0	33.0	34.0	35.0	36.0	37.0
ES35_101-LS_MG-lipid_21_1	1.0	4.0	11.0	31.0	88.0	229.0	611.0	1485.0	3656.0	7665.0	16687.0	33713.0	66612.0	116267.0	187405.0	262976.0	362196.0	478549.0	664257.0	968371.0	1995578.0	13368619.0	26548941.0
	11.0	12.0	13.0	14.0	15.0	16.0	17.0	18.0	19.0	20.0	21.0	22.0	23.0	24.0	25.0	26.0	27.0	28.0	29.0	30.0	31.0	32.0	33.0	34.0	35.0	36.0	37.0
ES35_101-LS_MG-lipid_21_2	8.0	189.0	1179.0	4899.0	12103.0	20177.0	31810.0	45881.0	66651.0	90717.0	125549.0	155046.0	176359.0	159660.0	146888.0	135947.0	139525.0	151284.0	178972.0	214387.0	276775.0	367387.0	537639.0	929315.0	2638081.0	17079760.0	21397764.0
	16.0	17.0	18.0	19.0	20.0	21.0	22.0	23.0	24.0	25.0	26.0	27.0	28.0	29.0	30.0	31.0	32.0	33.0	34.0	35.0	36.0	37.0
ES36_AR17-21_MG-lipid_0_1	2.0	12.0	30.0	86.0	240.0	606.0	1546.0	3579.0	7736.0	16688.0	33560.0	63886.0	108725.0	172499.0	245100.0	340421.0	457369.0	641002.0	957296.0	2012591.0	13215567.0	23849415.0
	10.0	11.0	12.0	13.0	14.0	15.0	16.0	17.0	18.0	19.0	20.0	21.0	22.0	23.0	24.0	25.0	26.0	27.0	28.0	29.0	30.0	31.0	32.0	33.0	34.0	35.0	36.0	37.0
ES36_AR17-21_MG-lipid_0_2	1.0	10.0	190.0	1206.0	4909.0	11946.0	19657.0	32039.0	49304.0	73040.0	99628.0	137408.0	166002.0	183905.0	163926.0	149116.0	137942.0	139109.0	147497.0	171768.0	201259.0	256305.0	331394.0	469805.0	788272.0	2266337.0	15686903.0	20439078.0
	15.0	16.0	17.0	18.0	19.0	20.0	21.0	22.0	23.0	24.0	25.0	26.0	27.0	28.0	29.0	30.0	31.0	32.0	33.0	34.0	35.0	36.0	37.0
ES37_AR17-21_MG-lipid_14_1	1.0	5.0	17.0	42.0	108.0	317.0	850.0	2078.0	4934.0	9916.0	21049.0	40222.0	74750.0	123947.0	194180.0	270005.0	369339.0	487818.0	672329.0	985470.0	2019315.0	13629048.0	28374322.0
	11.0	12.0	13.0	14.0	15.0	16.0	17.0	18.0	19.0	20.0	21.0	22.0	23.0	24.0	25.0	26.0	27.0	28.0	29.0	30.0	31.0	32.0	33.0	34.0	35.0	36.0	37.0
ES37_AR17-21_MG-lipid_14_2	9.0	239.0	1608.0	6638.0	17480.0	28660.0	44450.0	63567.0	91290.0	123757.0	172340.0	215787.0	247494.0	217197.0	192329.0	164987.0	155775.0	155250.0	173491.0	198199.0	249530.0	320510.0	444847.0	702238.0	1850204.0	15061560.0	26380626.0
	16.0	17.0	18.0	19.0	20.0	21.0	22.0	23.0	24.0	25.0	26.0	27.0	28.0	29.0	30.0	31.0	32.0	33.0	34.0	35.0	36.0	37.0
ES38_AR17-21_MG-lipid_21_1	2.0	13.0	25.0	100.0	213.0	588.0	1500.0	3569.0	7603.0	16701.0	33523.0	64205.0	112011.0	180590.0	258098.0	363697.0	494407.0	701567.0	1057552.0	2207224.0	13481507.0	24576161.0
	9.0	10.0	11.0	12.0	13.0	14.0	15.0	16.0	17.0	18.0	19.0	20.0	21.0	22.0	23.0	24.0	25.0	26.0	27.0	28.0	29.0	30.0	31.0	32.0	33.0	34.0	35.0	36.0	37.0
ES38_AR17-21_MG-lipid_21_2	1.0	0.0	7.0	198.0	1266.0	5143.0	12889.0	21280.0	32985.0	47211.0	68240.0	90848.0	124570.0	153618.0	174450.0	156936.0	146189.0	134263.0	136849.0	145614.0	171343.0	205211.0	262393.0	346462.0	502781.0	840409.0	2266877.0	15447704.0	22065119.0
	16.0	17.0	18.0	19.0	20.0	21.0	22.0	23.0	24.0	25.0	26.0	27.0	28.0	29.0	30.0	31.0	32.0	33.0	34.0	35.0	36.0	37.0
ES39_LD19-239_MG-lipid_14_1	4.0	11.0	36.0	96.0	273.0	715.0	1887.0	4369.0	8950.0	18840.0	36730.0	68448.0	114353.0	179089.0	249373.0	344434.0	459131.0	634519.0	933986.0	1931722.0	13257517.0	27031591.0
	11.0	12.0	13.0	14.0	15.0	16.0	17.0	18.0	19.0	20.0	21.0	22.0	23.0	24.0	25.0	26.0	27.0	28.0	29.0	30.0	31.0	32.0	33.0	34.0	35.0	36.0	37.0
ES39_LD19-239_MG-lipid_14_2	6.0	248.0	1770.0	6689.0	16478.0	27166.0	41755.0	59957.0	87163.0	117493.0	163285.0	201729.0	227709.0	202613.0	182206.0	160325.0	154646.0	157528.0	179812.0	209851.0	268523.0	348363.0	491149.0	795514.0	2111967.0	15462206.0	23599923.0
	14.0	15.0	16.0	17.0	18.0	19.0	20.0	21.0	22.0	23.0	24.0	25.0	26.0	27.0	28.0	29.0	30.0	31.0	32.0	33.0	34.0	35.0	36.0	37.0
ES3_48_Control-lipid_21_1	1.0	2.0	2.0	12.0	25.0	87.0	246.0	607.0	1412.0	3533.0	7257.0	15862.0	31894.0	61665.0	106348.0	171017.0	244610.0	340774.0	456822.0	638417.0	946114.0	1941399.0	12499279.0	24631895.0
	11.0	12.0	13.0	14.0	15.0	16.0	17.0	18.0	19.0	20.0	21.0	22.0	23.0	24.0	25.0	26.0	27.0	28.0	29.0	30.0	31.0	32.0	33.0	34.0	35.0	36.0	37.0
ES3_48_Control-lipid_21_2	14.0	227.0	1458.0	5971.0	14781.0	24290.0	36939.0	52282.0	74689.0	100866.0	140739.0	175664.0	198730.0	174800.0	155029.0	135130.0	132012.0	136040.0	157108.0	183116.0	233812.0	305166.0	434259.0	719834.0	1953431.0	14391112.0	22161781.0
	16.0	17.0	18.0	19.0	20.0	21.0	22.0	23.0	24.0	25.0	26.0	27.0	28.0	29.0	30.0	31.0	32.0	33.0	34.0	35.0	36.0	37.0
ES40_LD19-239_MG-lipid_21_1	3.0	16.0	41.0	112.0	305.0	835.0	2027.0	4805.0	10348.0	21690.0	42530.0	79290.0	131563.0	206887.0	292621.0	401890.0	533631.0	736661.0	1080008.0	2213471.0	15139160.0	31723431.0
	11.0	12.0	13.0	14.0	15.0	16.0	17.0	18.0	19.0	20.0	21.0	22.0	23.0	24.0	25.0	26.0	27.0	28.0	29.0	30.0	31.0	32.0	33.0	34.0	35.0	36.0	37.0
ES40_LD19-239_MG-lipid_21_2	12.0	225.0	1402.0	5360.0	13776.0	23002.0	37005.0	55197.0	82542.0	113046.0	159223.0	196476.0	222048.0	198149.0	178692.0	160681.0	159610.0	167425.0	195225.0	231801.0	297826.0	390002.0	553094.0	889016.0	2356009.0	17646353.0	28288128.0
	15.0	16.0	17.0	18.0	19.0	20.0	21.0	22.0	23.0	24.0	25.0	26.0	27.0	28.0	29.0	30.0	31.0	32.0	33.0	34.0	35.0	36.0	37.0
ES41_Blue-013_Control-protein_0_1	2.0	3.0	12.0	23.0	105.0	303.0	793.0	2087.0	4859.0	9880.0	21462.0	41967.0	79531.0	133874.0	211368.0	293886.0	398479.0	521482.0	711332.0	1028400.0	2102742.0	14077007.0	29459646.0
	11.0	12.0	13.0	14.0	15.0	16.0	17.0	18.0	19.0	20.0	21.0	22.0	23.0	24.0	25.0	26.0	27.0	28.0	29.0	30.0	31.0	32.0	33.0	34.0	35.0	36.0	37.0
ES41_Blue-013_Control-protein_0_2	7.0	238.0	1548.0	6089.0	15222.0	25252.0	40460.0	61072.0	91657.0	126312.0	174699.0	215107.0	241649.0	214848.0	192653.0	174045.0	173073.0	182531.0	212095.0	250435.0	319161.0	415534.0	584452.0	959670.0	2649912.0	17994953.0	23776569.0
	15.0	16.0	17.0	18.0	19.0	20.0	21.0	22.0	23.0	24.0	25.0	26.0	27.0	28.0	29.0	30.0	31.0	32.0	33.0	34.0	35.0	36.0	37.0
ES42_Blue-013_Control-protein_14_1	1.0	2.0	14.0	25.0	86.0	231.0	585.0	1428.0	3527.0	7409.0	15989.0	31825.0	61423.0	106382.0	171316.0	243954.0	341103.0	456411.0	641298.0	957077.0	2022289.0	13391823.0	25016426.0
	11.0	12.0	13.0	14.0	15.0	16.0	17.0	18.0	19.0	20.0	21.0	22.0	23.0	24.0	25.0	26.0	27.0	28.0	29.0	30.0	31.0	32.0	33.0	34.0	35.0	36.0	37.0
ES42_Blue-013_Control-protein_14_2	4.0	163.0	995.0	3844.0	9594.0	16225.0	26131.0	39037.0	58555.0	79174.0	110594.0	134727.0	153596.0	140420.0	132406.0	123984.0	128295.0	139743.0	165927.0	198821.0	257591.0	341571.0	491755.0	829076.0	2355759.0	16141783.0	21390854.0
	16.0	17.0	18.0	19.0	20.0	21.0	22.0	23.0	24.0	25.0	26.0	27.0	28.0	29.0	30.0	31.0	32.0	33.0	34.0	35.0	36.0	37.0
ES43_Blue-013_Control-protein_21_1	3.0	8.0	31.0	86.0	284.0	717.0	1751.0	4234.0	8840.0	18955.0	36466.0	70286.0	118459.0	189048.0	267087.0	368651.0	490507.0	681056.0	1007624.0	2110782.0	14320454.0	26904173.0
	10.0	11.0	12.0	13.0	14.0	15.0	16.0	17.0	18.0	19.0	20.0	21.0	22.0	23.0	24.0	25.0	26.0	27.0	28.0	29.0	30.0	31.0	32.0	33.0	34.0	35.0	36.0	37.0
ES43_Blue-013_Control-protein_21_2	1.0	10.0	217.0	1383.0	5386.0	13683.0	22936.0	35756.0	53157.0	79272.0	108157.0	151232.0	185109.0	208159.0	183472.0	167633.0	150662.0	151069.0	158785.0	185618.0	220105.0	281329.0	368013.0	525455.0	863518.0	2388678.0	16831013.0	23259694.0
	15.0	16.0	17.0	18.0	19.0	20.0	21.0	22.0	23.0	24.0	25.0	26.0	27.0	28.0	29.0	30.0	31.0	32.0	33.0	34.0	35.0	36.0	37.0
ES44_Blue-015_MG-lipid_0_1	2.0	0.0	9.0	15.0	74.0	211.0	629.0	1501.0	3853.0	7926.0	17525.0	35098.0	68192.0	116240.0	187761.0	266940.0	372193.0	499664.0	693867.0	1031170.0	2154349.0	14928732.0	28849219.0
	11.0	12.0	13.0	14.0	15.0	16.0	17.0	18.0	19.0	20.0	21.0	22.0	23.0	24.0	25.0	26.0	27.0	28.0	29.0	30.0	31.0	32.0	33.0	34.0	35.0	36.0	37.0
ES44_Blue-015_MG-lipid_0_2	8.0	124.0	947.0	3971.0	10681.0	18377.0	29094.0	42885.0	61393.0	82568.0	114292.0	142587.0	164088.0	148993.0	139702.0	129808.0	133659.0	143793.0	170821.0	201747.0	259070.0	337863.0	480843.0	799139.0	2275132.0	17601024.0	25742561.0
	16.0	17.0	18.0	19.0	20.0	21.0	22.0	23.0	24.0	25.0	26.0	27.0	28.0	29.0	30.0	31.0	32.0	33.0	34.0	35.0	36.0	37.0
ES45_Blue-015_MG-lipid_14_1	6.0	10.0	34.0	101.0	245.0	594.0	1542.0	3606.0	8226.0	17751.0	36191.0	68974.0	116739.0	188332.0	271410.0	380827.0	515921.0	719874.0	1073552.0	2243656.0	15847720.0	32280282.0
	11.0	12.0	13.0	14.0	15.0	16.0	17.0	18.0	19.0	20.0	21.0	22.0	23.0	24.0	25.0	26.0	27.0	28.0	29.0	30.0	31.0	32.0	33.0	34.0	35.0	36.0	37.0
ES45_Blue-015_MG-lipid_14_2	2.0	77.0	425.0	1613.0	4074.0	6868.0	10427.0	15191.0	22434.0	31049.0	43967.0	57666.0	71765.0	75071.0	81538.0	89865.0	105027.0	124641.0	155580.0	191530.0	252818.0	342161.0	505771.0	871485.0	2481842.0	19016140.0	29216566.0
	15.0	16.0	17.0	18.0	19.0	20.0	21.0	22.0	23.0	24.0	25.0	26.0	27.0	28.0	29.0	30.0	31.0	32.0	33.0	34.0	35.0	36.0	37.0
ES46_Blue-015_MG-lipid_21_1	4.0	4.0	14.0	21.0	84.0	229.0	544.0	1374.0	3181.0	6789.0	15155.0	30302.0	59623.0	102958.0	168545.0	244915.0	346352.0	470405.0	660877.0	986313.0	2059365.0	13710019.0	27037920.0
	11.0	12.0	13.0	14.0	15.0	16.0	17.0	18.0	19.0	20.0	21.0	22.0	23.0	24.0	25.0	26.0	27.0	28.0	29.0	30.0	31.0	32.0	33.0	34.0	35.0	36.0	37.0
ES46_Blue-015_MG-lipid_21_2	19.0	231.0	1388.0	5383.0	13235.0	21616.0	32583.0	44749.0	62268.0	81823.0	111076.0	138404.0	159376.0	147067.0	138898.0	128913.0	133855.0	143213.0	169895.0	204052.0	265678.0	356587.0	522256.0	885041.0	2390966.0	16460345.0	23286076.0
	15.0	16.0	17.0	18.0	19.0	20.0	21.0	22.0	23.0	24.0	25.0	26.0	27.0	28.0	29.0	30.0	31.0	32.0	33.0	34.0	35.0	36.0	37.0
ES47_Blue-45_MG-protein_0_1	1.0	2.0	6.0	31.0	69.0	208.0	577.0	1332.0	3533.0	7241.0	16032.0	31891.0	61714.0	105105.0	169321.0	246361.0	351396.0	486711.0	696796.0	1061185.0	2251082.0	13946318.0	23521122.0
	11.0	12.0	13.0	14.0	15.0	16.0	17.0	18.0	19.0	20.0	21.0	22.0	23.0	24.0	25.0	26.0	27.0	28.0	29.0	30.0	31.0	32.0	33.0	34.0	35.0	36.0	37.0
ES47_Blue-45_MG-protein_0_2	5.0	110.0	696.0	2725.0	7168.0	11939.0	19075.0	28069.0	40936.0	55683.0	77648.0	96050.0	111943.0	106071.0	103899.0	102116.0	109612.0	121981.0	146743.0	177982.0	231739.0	309716.0	451919.0	764203.0	2138670.0	15358384.0	22382952.0
	15.0	16.0	17.0	18.0	19.0	20.0	21.0	22.0	23.0	24.0	25.0	26.0	27.0	28.0	29.0	30.0	31.0	32.0	33.0	34.0	35.0	36.0	37.0
ES48_Blue-45_MG-protein_14_1	1.0	4.0	11.0	34.0	92.0	204.0	605.0	1579.0	3700.0	7927.0	17171.0	34812.0	66947.0	114414.0	186682.0	270040.0	387679.0	535031.0	771567.0	1193621.0	2562596.0	14933313.0	24190479.0
	11.0	12.0	13.0	14.0	15.0	16.0	17.0	18.0	19.0	20.0	21.0	22.0	23.0	24.0	25.0	26.0	27.0	28.0	29.0	30.0	31.0	32.0	33.0	34.0	35.0	36.0	37.0
ES48_Blue-45_MG-protein_14_2	7.0	153.0	975.0	4067.0	10655.0	18376.0	28642.0	41317.0	58725.0	78302.0	107115.0	131785.0	151528.0	140013.0	133162.0	125963.0	130707.0	142719.0	169950.0	202900.0	264295.0	355746.0	529723.0	939375.0	2691553.0	17155702.0	21665054.0
	15.0	16.0	17.0	18.0	19.0	20.0	21.0	22.0	23.0	24.0	25.0	26.0	27.0	28.0	29.0	30.0	31.0	32.0	33.0	34.0	35.0	36.0	37.0
ES49_Blue-024_Control-protein_0_1	1.0	2.0	5.0	55.0	113.0	277.0	848.0	1975.0	4771.0	10057.0	21615.0	42006.0	78521.0	131137.0	202149.0	274846.0	366428.0	476773.0	651385.0	938804.0	1920073.0	12875739.0	26140239.0
	11.0	12.0	13.0	14.0	15.0	16.0	17.0	18.0	19.0	20.0	21.0	22.0	23.0	24.0	25.0	26.0	27.0	28.0	29.0	30.0	31.0	32.0	33.0	34.0	35.0	36.0	37.0
ES49_Blue-024_Control-protein_0_2	14.0	246.0	1548.0	6317.0	16031.0	25251.0	38975.0	57817.0	84448.0	116537.0	164394.0	208728.0	235563.0	206352.0	180825.0	154783.0	146530.0	145794.0	164391.0	189421.0	239505.0	309067.0	432389.0	691644.0	1850712.0	14433607.0	24036930.0
	16.0	17.0	18.0	19.0	20.0	21.0	22.0	23.0	24.0	25.0	26.0	27.0	28.0	29.0	30.0	31.0	32.0	33.0	34.0	35.0	36.0	37.0
ES4_164_Control-protein_0_1	6.0	17.0	43.0	115.0	299.0	799.0	2088.0	4735.0	9933.0	21380.0	41543.0	77334.0	129805.0	201580.0	278758.0	375536.0	490303.0	674279.0	979970.0	2021358.0	13271643.0	26107899.0
	10.0	11.0	12.0	13.0	14.0	15.0	16.0	17.0	18.0	19.0	20.0	21.0	22.0	23.0	24.0	25.0	26.0	27.0	28.0	29.0	30.0	31.0	32.0	33.0	34.0	35.0	36.0	37.0
ES4_164_Control-protein_0_2	1.0	6.0	211.0	1426.0	5638.0	14928.0	25138.0	40000.0	59087.0	86217.0	118656.0	165945.0	207135.0	236624.0	211378.0	188675.0	165655.0	158809.0	160013.0	180982.0	207218.0	257448.0	329863.0	458869.0	748789.0	2088359.0	15692389.0	22879964.0
	16.0	17.0	18.0	19.0	20.0	21.0	22.0	23.0	24.0	25.0	26.0	27.0	28.0	29.0	30.0	31.0	32.0	33.0	34.0	35.0	36.0	37.0
ES50_Blue-024_Control-protein_14_1	2.0	8.0	32.0	99.0	260.0	684.0	1497.0	3883.0	8450.0	18175.0	35753.0	68484.0	114874.0	180203.0	248875.0	337658.0	446826.0	620778.0	914342.0	1897999.0	12048150.0	22434787.0
	11.0	12.0	13.0	14.0	15.0	16.0	17.0	18.0	19.0	20.0	21.0	22.0	23.0	24.0	25.0	26.0	27.0	28.0	29.0	30.0	31.0	32.0	33.0	34.0	35.0	36.0	37.0
ES50_Blue-024_Control-protein_14_2	9.0	225.0	1499.0	6254.0	16046.0	26636.0	40629.0	57853.0	82091.0	109304.0	151081.0	189784.0	215910.0	188862.0	165640.0	140541.0	134189.0	134025.0	150071.0	173193.0	219448.0	283719.0	399754.0	641522.0	1680452.0	12703283.0	21469799.0
	16.0	17.0	18.0	19.0	20.0	21.0	22.0	23.0	24.0	25.0	26.0	27.0	28.0	29.0	30.0	31.0	32.0	33.0	34.0	35.0	36.0	37.0
ES51_Blue-024_Control-protein_21_1	6.0	9.0	26.0	83.0	216.0	591.0	1515.0	3616.0	7505.0	16359.0	32336.0	62094.0	106870.0	170878.0	238596.0	325522.0	431170.0	597511.0	877444.0	1809955.0	11562829.0	22001126.0
	11.0	12.0	13.0	14.0	15.0	16.0	17.0	18.0	19.0	20.0	21.0	22.0	23.0	24.0	25.0	26.0	27.0	28.0	29.0	30.0	31.0	32.0	33.0	34.0	35.0	36.0	37.0
ES51_Blue-024_Control-protein_21_2	13.0	190.0	1147.0	4584.0	11831.0	19805.0	31381.0	46498.0	67735.0	92165.0	127881.0	156825.0	176771.0	157059.0	144512.0	131450.0	133433.0	140930.0	165587.0	192451.0	245668.0	321930.0	460726.0	786204.0	2211636.0	14310077.0	18107768.0
	12.0	13.0	14.0	15.0	16.0	17.0	18.0	19.0	20.0	21.0	22.0	23.0	24.0	25.0	26.0	27.0	28.0	29.0	30.0	31.0	32.0	33.0	34.0	35.0	36.0	37.0
ES52_SEM19-1481_MG-lipid_14_1	1.0	0.0	0.0	2.0	4.0	10.0	32.0	106.0	307.0	766.0	1763.0	4192.0	8566.0	18391.0	35997.0	67587.0	115054.0	184519.0	260970.0	359876.0	478380.0	661927.0	975596.0	2005887.0	13273719.0	26554737.0
	11.0	12.0	13.0	14.0	15.0	16.0	17.0	18.0	19.0	20.0	21.0	22.0	23.0	24.0	25.0	26.0	27.0	28.0	29.0	30.0	31.0	32.0	33.0	34.0	35.0	36.0	37.0
ES52_SEM19-1481_MG-lipid_14_2	13.0	246.0	1671.0	6752.0	16817.0	28467.0	44339.0	65314.0	95829.0	131007.0	180333.0	218003.0	241330.0	209870.0	190566.0	172355.0	170120.0	177659.0	205650.0	240965.0	308095.0	402340.0	571574.0	947486.0	2560715.0	16492002.0	21328871.0
	15.0	16.0	17.0	18.0	19.0	20.0	21.0	22.0	23.0	24.0	25.0	26.0	27.0	28.0	29.0	30.0	31.0	32.0	33.0	34.0	35.0	36.0	37.0
ES53_SEM19-74_MG-protein_0_1	1.0	4.0	11.0	34.0	99.0	217.0	611.0	1525.0	3627.0	7723.0	16568.0	32726.0	61782.0	104902.0	164561.0	229309.0	312355.0	411061.0	563588.0	821184.0	1706789.0	12227427.0	24445495.0
	11.0	12.0	13.0	14.0	15.0	16.0	17.0	18.0	19.0	20.0	21.0	22.0	23.0	24.0	25.0	26.0	27.0	28.0	29.0	30.0	31.0	32.0	33.0	34.0	35.0	36.0	37.0
ES53_SEM19-74_MG-protein_0_2	7.0	192.0	1316.0	5440.0	14239.0	23937.0	36145.0	52232.0	75411.0	102326.0	142690.0	179053.0	204292.0	181455.0	160555.0	141443.0	135669.0	137730.0	156491.0	180163.0	225240.0	285209.0	390704.0	627012.0	1766059.0	14200786.0	21685803.0
	15.0	16.0	17.0	18.0	19.0	20.0	21.0	22.0	23.0	24.0	25.0	26.0	27.0	28.0	29.0	30.0	31.0	32.0	33.0	34.0	35.0	36.0	37.0
ES54_SEM19-74_MG-protein_14_1	1.0	4.0	5.0	28.0	97.0	245.0	669.0	1673.0	4050.0	8715.0	18613.0	37067.0	70000.0	119862.0	191912.0	273419.0	387862.0	533163.0	768965.0	1182174.0	2518128.0	14073721.0	22422720.0
	11.0	12.0	13.0	14.0	15.0	16.0	17.0	18.0	19.0	20.0	21.0	22.0	23.0	24.0	25.0	26.0	27.0	28.0	29.0	30.0	31.0	32.0	33.0	34.0	35.0	36.0	37.0
ES54_SEM19-74_MG-protein_14_2	4.0	208.0	1278.0	5613.0	14875.0	24576.0	38424.0	54414.0	77456.0	101462.0	140591.0	172604.0	196352.0	172233.0	152553.0	132492.0	127047.0	130083.0	150957.0	178943.0	233420.0	314160.0	468191.0	822226.0	2313631.0	15282662.0	21306638.0
	16.0	17.0	18.0	19.0	20.0	21.0	22.0	23.0	24.0	25.0	26.0	27.0	28.0	29.0	30.0	31.0	32.0	33.0	34.0	35.0	36.0	37.0
ES55_SEM19-74_MG-protein_21_1	3.0	11.0	25.0	61.0	244.0	637.0	1577.0	3629.0	7696.0	16608.0	33127.0	64554.0	110650.0	176710.0	243582.0	328379.0	427895.0	590029.0	854954.0	1779742.0	11721839.0	21623548.0
	11.0	12.0	13.0	14.0	15.0	16.0	17.0	18.0	19.0	20.0	21.0	22.0	23.0	24.0	25.0	26.0	27.0	28.0	29.0	30.0	31.0	32.0	33.0	34.0	35.0	36.0	37.0
ES55_SEM19-74_MG-protein_21_2	6.0	197.0	1340.0	5331.0	13594.0	23287.0	36043.0	53182.0	77528.0	103934.0	143170.0	174075.0	194721.0	172287.0	153579.0	135298.0	131269.0	135642.0	156368.0	184456.0	235891.0	306212.0	430379.0	699922.0	1908658.0	13457863.0	19051268.0
	16.0	17.0	18.0	19.0	20.0	21.0	22.0	23.0	24.0	25.0	26.0	27.0	28.0	29.0	30.0	31.0	32.0	33.0	34.0	35.0	36.0	37.0
ES56_Blue-050_Control-lipid_21_1	3.0	10.0	44.0	106.0	273.0	805.0	1901.0	4344.0	9038.0	20240.0	39661.0	76098.0	130543.0	205508.0	283998.0	382711.0	500417.0	682038.0	985970.0	2026195.0	14320988.0	28868210.0
	11.0	12.0	13.0	14.0	15.0	16.0	17.0	18.0	19.0	20.0	21.0	22.0	23.0	24.0	25.0	26.0	27.0	28.0	29.0	30.0	31.0	32.0	33.0	34.0	35.0	36.0	37.0
ES56_Blue-050_Control-lipid_21_2	6.0	189.0	1430.0	6233.0	17096.0	28320.0	44772.0	66564.0	99987.0	137690.0	192461.0	238808.0	264419.0	223445.0	193367.0	163170.0	154570.0	155183.0	174768.0	199574.0	247124.0	311191.0	419898.0	641204.0	1685445.0	15144491.0	27727696.0
	15.0	16.0	17.0	18.0	19.0	20.0	21.0	22.0	23.0	24.0	25.0	26.0	27.0	28.0	29.0	30.0	31.0	32.0	33.0	34.0	35.0	36.0	37.0
ES57_Blue-031_MG-lipid_0_1	1.0	0.0	16.0	44.0	100.0	271.0	685.0	1777.0	4389.0	9646.0	21224.0	42158.0	79584.0	133782.0	210241.0	290198.0	393799.0	515171.0	700128.0	1005934.0	2022935.0	14408576.0	32760851.0
	11.0	12.0	13.0	14.0	15.0	16.0	17.0	18.0	19.0	20.0	21.0	22.0	23.0	24.0	25.0	26.0	27.0	28.0	29.0	30.0	31.0	32.0	33.0	34.0	35.0	36.0	37.0
ES57_Blue-031_MG-lipid_0_2	12.0	212.0	1206.0	4893.0	12170.0	19742.0	29990.0	42982.0	62112.0	84893.0	120699.0	153178.0	178608.0	161827.0	149430.0	138362.0	140968.0	150705.0	176967.0	207638.0	263226.0	341331.0	477875.0	778730.0	2179780.0	17977070.0	28746904.0
	15.0	16.0	17.0	18.0	19.0	20.0	21.0	22.0	23.0	24.0	25.0	26.0	27.0	28.0	29.0	30.0	31.0	32.0	33.0	34.0	35.0	36.0	37.0
ES58_Blue-032_MG-protein_0_1	1.0	4.0	14.0	41.0	109.0	344.0	873.0	2133.0	4903.0	10556.0	22187.0	44215.0	84040.0	142735.0	226714.0	317258.0	431307.0	570494.0	795354.0	1163777.0	2392160.0	15038194.0	28676736.0
	11.0	12.0	13.0	14.0	15.0	16.0	17.0	18.0	19.0	20.0	21.0	22.0	23.0	24.0	25.0	26.0	27.0	28.0	29.0	30.0	31.0	32.0	33.0	34.0	35.0	36.0	37.0
ES58_Blue-032_MG-protein_0_2	11.0	260.0	1658.0	6567.0	16650.0	27685.0	42599.0	63953.0	93693.0	127492.0	177540.0	218612.0	245881.0	216110.0	194762.0	173025.0	169364.0	175239.0	199977.0	234337.0	298888.0	388666.0	548745.0	892273.0	2393753.0	17218725.0	25797684.0
	14.0	15.0	16.0	17.0	18.0	19.0	20.0	21.0	22.0	23.0	24.0	25.0	26.0	27.0	28.0	29.0	30.0	31.0	32.0	33.0	34.0	35.0	36.0	37.0
ES59_Blue-032_MG-protein_14_1	1.0	1.0	2.0	12.0	35.0	102.0	298.0	785.0	1904.0	4595.0	9855.0	20657.0	40446.0	76260.0	128980.0	202247.0	281753.0	385931.0	509319.0	706735.0	1034113.0	2151402.0	14340086.0	27284079.0
	11.0	12.0	13.0	14.0	15.0	16.0	17.0	18.0	19.0	20.0	21.0	22.0	23.0	24.0	25.0	26.0	27.0	28.0	29.0	30.0	31.0	32.0	33.0	34.0	35.0	36.0	37.0
ES59_Blue-032_MG-protein_14_2	8.0	179.0	1459.0	5952.0	15474.0	26313.0	41663.0	62201.0	90323.0	123470.0	172051.0	213885.0	244004.0	214639.0	190165.0	164210.0	154436.0	153944.0	173426.0	199712.0	252266.0	325135.0	448564.0	712489.0	1919168.0	15405996.0	25868466.0
	14.0	15.0	16.0	17.0	18.0	19.0	20.0	21.0	22.0	23.0	24.0	25.0	26.0	27.0	28.0	29.0	30.0	31.0	32.0	33.0	34.0	35.0	36.0	37.0
ES5_164_Control-protein_14_1	1.0	2.0	3.0	16.0	24.0	97.0	233.0	670.0	1485.0	3620.0	7615.0	16423.0	32380.0	61374.0	104571.0	165821.0	233765.0	322538.0	429162.0	593129.0	869687.0	1781123.0	12153423.0	25239234.0
	11.0	12.0	13.0	14.0	15.0	16.0	17.0	18.0	19.0	20.0	21.0	22.0	23.0	24.0	25.0	26.0	27.0	28.0	29.0	30.0	31.0	32.0	33.0	34.0	35.0	36.0	37.0
ES5_164_Control-protein_14_2	17.0	216.0	1399.0	5822.0	14263.0	23149.0	35095.0	50437.0	72867.0	99117.0	138017.0	171899.0	196524.0	174780.0	158522.0	140471.0	137322.0	142334.0	163562.0	190761.0	240421.0	311158.0	434457.0	706487.0	1908622.0	14378828.0	22119849.0
	15.0	16.0	17.0	18.0	19.0	20.0	21.0	22.0	23.0	24.0	25.0	26.0	27.0	28.0	29.0	30.0	31.0	32.0	33.0	34.0	35.0	36.0	37.0
ES60_Blue-032_MG-protein_21_1	1.0	1.0	16.0	42.0	111.0	271.0	742.0	1665.0	4183.0	8337.0	18204.0	35659.0	66613.0	112161.0	177648.0	249688.0	346355.0	464880.0	651455.0	971687.0	2029962.0	12951109.0	24332676.0
	8.0	9.0	10.0	11.0	12.0	13.0	14.0	15.0	16.0	17.0	18.0	19.0	20.0	21.0	22.0	23.0	24.0	25.0	26.0	27.0	28.0	29.0	30.0	31.0	32.0	33.0	34.0	35.0	36.0	37.0
ES60_Blue-032_MG-protein_21_2	1.0	0.0	0.0	14.0	224.0	1456.0	5968.0	15487.0	25563.0	40375.0	59318.0	85816.0	115535.0	157148.0	194198.0	220860.0	195709.0	176157.0	155244.0	150655.0	154281.0	176827.0	207084.0	264212.0	344793.0	489988.0	799429.0	2166245.0	15056019.0	21164860.0
	16.0	17.0	18.0	19.0	20.0	21.0	22.0	23.0	24.0	25.0	26.0	27.0	28.0	29.0	30.0	31.0	32.0	33.0	34.0	35.0	36.0	37.0
ES61_Blue-035_MG-protein_0_1	1.0	7.0	19.0	61.0	186.0	515.0	1411.0	3535.0	7358.0	16420.0	31833.0	59357.0	98515.0	153842.0	215338.0	297558.0	398269.0	551315.0	810497.0	1678664.0	11527424.0	22981703.0
	11.0	12.0	13.0	14.0	15.0	16.0	17.0	18.0	19.0	20.0	21.0	22.0	23.0	24.0	25.0	26.0	27.0	28.0	29.0	30.0	31.0	32.0	33.0	34.0	35.0	36.0	37.0
ES61_Blue-035_MG-protein_0_2	11.0	212.0	1213.0	4581.0	11525.0	18705.0	28627.0	41373.0	60000.0	81641.0	112973.0	140593.0	160101.0	145235.0	135262.0	125130.0	128038.0	136307.0	160509.0	188791.0	241961.0	319424.0	462322.0	787741.0	2175979.0	14302864.0	18862710.0
	14.0	15.0	16.0	17.0	18.0	19.0	20.0	21.0	22.0	23.0	24.0	25.0	26.0	27.0	28.0	29.0	30.0	31.0	32.0	33.0	34.0	35.0	36.0	37.0
ES62_Blue-035_MG-protein_14_1	1.0	1.0	3.0	9.0	30.0	89.0	319.0	700.0	1676.0	4028.0	8545.0	17645.0	34979.0	66973.0	114190.0	181201.0	257453.0	357454.0	478613.0	669660.0	998354.0	2091129.0	13835548.0	25342660.0
	11.0	12.0	13.0	14.0	15.0	16.0	17.0	18.0	19.0	20.0	21.0	22.0	23.0	24.0	25.0	26.0	27.0	28.0	29.0	30.0	31.0	32.0	33.0	34.0	35.0	36.0	37.0
ES62_Blue-035_MG-protein_14_2	12.0	281.0	1721.0	6691.0	17075.0	28262.0	43516.0	62782.0	89648.0	119079.0	164376.0	201109.0	227597.0	202336.0	184291.0	165147.0	162538.0	168452.0	194372.0	223955.0	281299.0	361973.0	506572.0	828464.0	2281488.0	15960186.0	21978038.0
	15.0	16.0	17.0	18.0	19.0	20.0	21.0	22.0	23.0	24.0	25.0	26.0	27.0	28.0	29.0	30.0	31.0	32.0	33.0	34.0	35.0	36.0	37.0
ES63_Blue-035_MG-protein_21_1	1.0	1.0	6.0	42.0	86.0	243.0	575.0	1446.0	3289.0	7115.0	15287.0	30311.0	58202.0	99651.0	159802.0	227385.0	315014.0	419756.0	580407.0	854789.0	1766989.0	12085661.0	24298780.0
	11.0	12.0	13.0	14.0	15.0	16.0	17.0	18.0	19.0	20.0	21.0	22.0	23.0	24.0	25.0	26.0	27.0	28.0	29.0	30.0	31.0	32.0	33.0	34.0	35.0	36.0	37.0
ES63_Blue-035_MG-protein_21_2	13.0	249.0	1777.0	6779.0	16432.0	26809.0	40629.0	55523.0	76963.0	102662.0	141536.0	174497.0	197060.0	175261.0	161574.0	146874.0	148514.0	156794.0	182372.0	213159.0	266767.0	343958.0	486014.0	821095.0	2344749.0	15623332.0	19013446.0
	15.0	16.0	17.0	18.0	19.0	20.0	21.0	22.0	23.0	24.0	25.0	26.0	27.0	28.0	29.0	30.0	31.0	32.0	33.0	34.0	35.0	36.0	37.0
ES64_SEM19-1481_MG-lipid_21_1	4.0	4.0	6.0	27.0	109.0	268.0	750.0	1716.0	4298.0	8909.0	19150.0	37705.0	70948.0	120050.0	189646.0	267304.0	368606.0	491079.0	682201.0	1006126.0	2094111.0	13954144.0	26971291.0
	11.0	12.0	13.0	14.0	15.0	16.0	17.0	18.0	19.0	20.0	21.0	22.0	23.0	24.0	25.0	26.0	27.0	28.0	29.0	30.0	31.0	32.0	33.0	34.0	35.0	36.0	37.0
ES64_SEM19-1481_MG-lipid_21_2	18.0	288.0	1631.0	6157.0	14237.0	23350.0	37029.0	55220.0	81052.0	110036.0	151402.0	183388.0	203000.0	180433.0	168437.0	159236.0	163122.0	174131.0	204300.0	239454.0	308130.0	402672.0	586001.0	1011076.0	2864043.0	17720517.0	21240092.0
	16.0	17.0	18.0	19.0	20.0	21.0	22.0	23.0	24.0	25.0	26.0	27.0	28.0	29.0	30.0	31.0	32.0	33.0	34.0	35.0	36.0	37.0
ES65_106_NA_0_1	4.0	7.0	40.0	131.0	325.0	772.0	1840.0	4470.0	9128.0	19482.0	38859.0	73800.0	126026.0	197983.0	273877.0	371257.0	483000.0	662623.0	952317.0	1945506.0	13218744.0	27054274.0
	11.0	12.0	13.0	14.0	15.0	16.0	17.0	18.0	19.0	20.0	21.0	22.0	23.0	24.0	25.0	26.0	27.0	28.0	29.0	30.0	31.0	32.0	33.0	34.0	35.0	36.0	37.0
ES65_106_NA_0_2	7.0	244.0	1622.0	6781.0	17533.0	28922.0	45164.0	65779.0	94290.0	128368.0	179450.0	222689.0	251435.0	219440.0	193662.0	166658.0	157513.0	158144.0	177819.0	204134.0	253736.0	318942.0	430775.0	664225.0	1770589.0	14833254.0	24843290.0
	16.0	17.0	18.0	19.0	20.0	21.0	22.0	23.0	24.0	25.0	26.0	27.0	28.0	29.0	30.0	31.0	32.0	33.0	34.0	35.0	36.0	37.0
ES66_617_Control-protein_14_1	3.0	14.0	42.0	116.0	284.0	726.0	1741.0	4160.0	8544.0	18147.0	36194.0	69271.0	119129.0	188574.0	262679.0	355638.0	463303.0	636292.0	921970.0	1879583.0	12593359.0	25335032.0
	11.0	12.0	13.0	14.0	15.0	16.0	17.0	18.0	19.0	20.0	21.0	22.0	23.0	24.0	25.0	26.0	27.0	28.0	29.0	30.0	31.0	32.0	33.0	34.0	35.0	36.0	37.0
ES66_617_Control-protein_14_2	12.0	264.0	1816.0	7457.0	18658.0	30150.0	46236.0	67623.0	98938.0	134827.0	186007.0	228759.0	254059.0	218414.0	190697.0	163335.0	155182.0	156654.0	177510.0	203379.0	255038.0	325034.0	445005.0	714949.0	1982839.0	14979365.0	21852594.0
	14.0	15.0	16.0	17.0	18.0	19.0	20.0	21.0	22.0	23.0	24.0	25.0	26.0	27.0	28.0	29.0	30.0	31.0	32.0	33.0	34.0	35.0	36.0	37.0
ES67_Blue-037_MG-protein_0_1	1.0	1.0	6.0	12.0	32.0	108.0	271.0	816.0	1986.0	4766.0	9814.0	20563.0	39724.0	72349.0	119817.0	187041.0	263150.0	363588.0	486624.0	686702.0	1024767.0	2141204.0	13132332.0	24109671.0
	11.0	12.0	13.0	14.0	15.0	16.0	17.0	18.0	19.0	20.0	21.0	22.0	23.0	24.0	25.0	26.0	27.0	28.0	29.0	30.0	31.0	32.0	33.0	34.0	35.0	36.0	37.0
ES67_Blue-037_MG-protein_0_2	21.0	295.0	1595.0	6198.0	15402.0	25151.0	39546.0	58183.0	85730.0	116780.0	160157.0	195678.0	220296.0	197311.0	179289.0	161403.0	159889.0	164200.0	188420.0	220442.0	283657.0	373189.0	525171.0	840649.0	2159379.0	14676591.0	21610723.0
	15.0	16.0	17.0	18.0	19.0	20.0	21.0	22.0	23.0	24.0	25.0	26.0	27.0	28.0	29.0	30.0	31.0	32.0	33.0	34.0	35.0	36.0	37.0
ES68_Blue-037_MG-protein_14_1	2.0	3.0	12.0	29.0	76.0	223.0	558.0	1484.0	3438.0	7229.0	15040.0	30484.0	58460.0	99974.0	161307.0	228698.0	318487.0	424680.0	593748.0	881361.0	1844421.0	11950600.0	21829462.0
	11.0	12.0	13.0	14.0	15.0	16.0	17.0	18.0	19.0	20.0	21.0	22.0	23.0	24.0	25.0	26.0	27.0	28.0	29.0	30.0	31.0	32.0	33.0	34.0	35.0	36.0	37.0
ES68_Blue-037_MG-protein_14_2	16.0	289.0	1719.0	6308.0	15990.0	26389.0	40577.0	58055.0	84110.0	111903.0	152114.0	184538.0	204127.0	181537.0	165434.0	150749.0	149869.0	155884.0	179906.0	209333.0	264913.0	343071.0	485506.0	814822.0	2255843.0	14406585.0	17800189.0
	16.0	17.0	18.0	19.0	20.0	21.0	22.0	23.0	24.0	25.0	26.0	27.0	28.0	29.0	30.0	31.0	32.0	33.0	34.0	35.0	36.0	37.0
ES69_Blue-037_MG-protein_21_1	4.0	12.0	29.0	98.0	265.0	689.0	1659.0	4062.0	8755.0	18413.0	35836.0	67124.0	110969.0	175703.0	247266.0	340213.0	458089.0	639515.0	947612.0	1946253.0	12293915.0	23876914.0
	11.0	12.0	13.0	14.0	15.0	16.0	17.0	18.0	19.0	20.0	21.0	22.0	23.0	24.0	25.0	26.0	27.0	28.0	29.0	30.0	31.0	32.0	33.0	34.0	35.0	36.0	37.0
ES69_Blue-037_MG-protein_21_2	17.0	265.0	1578.0	6404.0	15970.0	26599.0	41151.0	57794.0	81644.0	107181.0	144655.0	177318.0	201670.0	180919.0	165298.0	147562.0	143173.0	147166.0	166737.0	193902.0	247698.0	321636.0	455952.0	744252.0	1982960.0	14216867.0	21197027.0
	15.0	16.0	17.0	18.0	19.0	20.0	21.0	22.0	23.0	24.0	25.0	26.0	27.0	28.0	29.0	30.0	31.0	32.0	33.0	34.0	35.0	36.0	37.0
ES6_164_Control-protein_21_1	1.0	4.0	7.0	19.0	103.0	243.0	668.0	1611.0	4091.0	8357.0	17872.0	34808.0	64986.0	106567.0	168472.0	237219.0	329355.0	444617.0	624018.0	934568.0	1975939.0	12949988.0	23313351.0
	11.0	12.0	13.0	14.0	15.0	16.0	17.0	18.0	19.0	20.0	21.0	22.0	23.0	24.0	25.0	26.0	27.0	28.0	29.0	30.0	31.0	32.0	33.0	34.0	35.0	36.0	37.0
ES6_164_Control-protein_21_2	13.0	243.0	1372.0	5061.0	12123.0	20041.0	30991.0	45306.0	65725.0	89064.0	122056.0	149824.0	170250.0	158310.0	154421.0	149970.0	158911.0	172336.0	203462.0	240566.0	306310.0	403148.0	595848.0	1049139.0	2959957.0	16541627.0	17410790.0
	16.0	17.0	18.0	19.0	20.0	21.0	22.0	23.0	24.0	25.0	26.0	27.0	28.0	29.0	30.0	31.0	32.0	33.0	34.0	35.0	36.0	37.0
ES70_Blue-039_Control-lipid_0_1	4.0	10.0	34.0	87.0	294.0	790.0	1952.0	4703.0	10101.0	21668.0	43594.0	84073.0	145098.0	231085.0	325207.0	445658.0	590344.0	819564.0	1200182.0	2475051.0	16337487.0	31914877.0
	11.0	12.0	13.0	14.0	15.0	16.0	17.0	18.0	19.0	20.0	21.0	22.0	23.0	24.0	25.0	26.0	27.0	28.0	29.0	30.0	31.0	32.0	33.0	34.0	35.0	36.0	37.0
ES70_Blue-039_Control-lipid_0_2	11.0	228.0	1531.0	6023.0	15794.0	26203.0	41067.0	60391.0	87071.0	118540.0	165440.0	206470.0	235972.0	208818.0	189180.0	170124.0	167913.0	177074.0	203754.0	237255.0	301635.0	390258.0	551185.0	905373.0	2475826.0	18647936.0	29060791.0
	15.0	16.0	17.0	18.0	19.0	20.0	21.0	22.0	23.0	24.0	25.0	26.0	27.0	28.0	29.0	30.0	31.0	32.0	33.0	34.0	35.0	36.0	37.0
ES71_Blue-039_Control-lipid_14_1	1.0	1.0	7.0	26.0	60.0	244.0	564.0	1482.0	3485.0	7470.0	15857.0	31388.0	59982.0	101729.0	162597.0	228620.0	317272.0	424171.0	594248.0	881735.0	1829609.0	11721122.0	22395135.0
	11.0	12.0	13.0	14.0	15.0	16.0	17.0	18.0	19.0	20.0	21.0	22.0	23.0	24.0	25.0	26.0	27.0	28.0	29.0	30.0	31.0	32.0	33.0	34.0	35.0	36.0	37.0
ES71_Blue-039_Control-lipid_14_2	8.0	136.0	1113.0	4589.0	11855.0	19758.0	30779.0	45075.0	64810.0	87072.0	121405.0	150302.0	172674.0	153923.0	140013.0	124444.0	121003.0	126465.0	145422.0	172199.0	220620.0	290680.0	415367.0	684976.0	1854375.0	13331173.0	20286569.0
	16.0	17.0	18.0	19.0	20.0	21.0	22.0	23.0	24.0	25.0	26.0	27.0	28.0	29.0	30.0	31.0	32.0	33.0	34.0	35.0	36.0	37.0
ES72_Blue-039_Control-lipid_21_1	2.0	11.0	46.0	109.0	253.0	710.0	1798.0	4342.0	8934.0	19251.0	37833.0	72674.0	124024.0	197455.0	275233.0	372508.0	492475.0	680906.0	990738.0	2033333.0	12869784.0	24900600.0
	10.0	11.0	12.0	13.0	14.0	15.0	16.0	17.0	18.0	19.0	20.0	21.0	22.0	23.0	24.0	25.0	26.0	27.0	28.0	29.0	30.0	31.0	32.0	33.0	34.0	35.0	36.0	37.0
ES72_Blue-039_Control-lipid_21_2	2.0	18.0	313.0	1993.0	7638.0	18776.0	30860.0	47258.0	68880.0	99246.0	134441.0	184261.0	226889.0	253664.0	222676.0	197568.0	174467.0	168849.0	173933.0	198703.0	231889.0	294900.0	382768.0	543272.0	904095.0	2434088.0	15545148.0	20536424.0
	14.0	15.0	16.0	17.0	18.0	19.0	20.0	21.0	22.0	23.0	24.0	25.0	26.0	27.0	28.0	29.0	30.0	31.0	32.0	33.0	34.0	35.0	36.0	37.0
ES73_Blue-042_MG-protein_0_1	1.0	1.0	6.0	13.0	51.0	129.0	353.0	960.0	2356.0	5331.0	11106.0	23530.0	46779.0	88015.0	146623.0	229353.0	314439.0	426015.0	555270.0	755561.0	1091579.0	2210997.0	15188373.0	32434763.0
	11.0	12.0	13.0	14.0	15.0	16.0	17.0	18.0	19.0	20.0	21.0	22.0	23.0	24.0	25.0	26.0	27.0	28.0	29.0	30.0	31.0	32.0	33.0	34.0	35.0	36.0	37.0
ES73_Blue-042_MG-protein_0_2	14.0	291.0	1974.0	8109.0	19847.0	32674.0	50159.0	73232.0	107076.0	147276.0	205444.0	255124.0	286222.0	250000.0	218623.0	188452.0	178093.0	178668.0	201183.0	229942.0	287380.0	363646.0	494451.0	767281.0	2038557.0	17402610.0	29545276.0
	15.0	16.0	17.0	18.0	19.0	20.0	21.0	22.0	23.0	24.0	25.0	26.0	27.0	28.0	29.0	30.0	31.0	32.0	33.0	34.0	35.0	36.0	37.0
ES74_Blue-042_MG-protein_14_1	1.0	4.0	11.0	24.0	105.0	283.0	871.0	1997.0	4699.0	9863.0	21305.0	42968.0	84063.0	143903.0	230164.0	318616.0	429460.0	562334.0	765725.0	1107520.0	2325278.0	15672229.0	28600707.0
	11.0	12.0	13.0	14.0	15.0	16.0	17.0	18.0	19.0	20.0	21.0	22.0	23.0	24.0	25.0	26.0	27.0	28.0	29.0	30.0	31.0	32.0	33.0	34.0	35.0	36.0	37.0
ES74_Blue-042_MG-protein_14_2	11.0	284.0	1909.0	7455.0	18692.0	30567.0	49393.0	72217.0	104566.0	141756.0	195139.0	238328.0	265672.0	234390.0	211132.0	188730.0	186777.0	195780.0	226059.0	261989.0	328994.0	418500.0	584023.0	970495.0	2854495.0	19413319.0	23121458.0
	16.0	17.0	18.0	19.0	20.0	21.0	22.0	23.0	24.0	25.0	26.0	27.0	28.0	29.0	30.0	31.0	32.0	33.0	34.0	35.0	36.0	37.0
ES75_Blue-042_MG-protein_21_1	5.0	15.0	33.0	111.0	257.0	754.0	1784.0	4523.0	9640.0	21174.0	42897.0	82843.0	141316.0	222921.0	304962.0	407209.0	528060.0	715864.0	1022683.0	2086184.0	14125436.0	28650184.0
	11.0	12.0	13.0	14.0	15.0	16.0	17.0	18.0	19.0	20.0	21.0	22.0	23.0	24.0	25.0	26.0	27.0	28.0	29.0	30.0	31.0	32.0	33.0	34.0	35.0	36.0	37.0
ES75_Blue-042_MG-protein_21_2	8.0	191.0	1354.0	5617.0	14755.0	24313.0	37726.0	53553.0	76923.0	104434.0	147773.0	184358.0	212477.0	188382.0	170015.0	149381.0	144169.0	147713.0	168585.0	194401.0	243448.0	309781.0	427868.0	676766.0	1877502.0	16181278.0	26626084.0
	14.0	15.0	16.0	17.0	18.0	19.0	20.0	21.0	22.0	23.0	24.0	25.0	26.0	27.0	28.0	29.0	30.0	31.0	32.0	33.0	34.0	35.0	36.0	37.0
ES76_Blue-043_MG-lipid_0_1	1.0	1.0	3.0	11.0	31.0	81.0	288.0	695.0	1674.0	4143.0	8520.0	17681.0	35112.0	66443.0	111484.0	175796.0	247268.0	342143.0	455195.0	629715.0	929737.0	1930817.0	12622133.0	23761493.0
	11.0	12.0	13.0	14.0	15.0	16.0	17.0	18.0	19.0	20.0	21.0	22.0	23.0	24.0	25.0	26.0	27.0	28.0	29.0	30.0	31.0	32.0	33.0	34.0	35.0	36.0	37.0
ES76_Blue-043_MG-lipid_0_2	4.0	179.0	1177.0	4648.0	11764.0	20017.0	31901.0	48252.0	70571.0	95662.0	132985.0	165114.0	185746.0	166929.0	150596.0	135420.0	133488.0	140413.0	163587.0	192983.0	244521.0	318556.0	447567.0	739335.0	2068232.0	14749431.0	20921387.0
	15.0	16.0	17.0	18.0	19.0	20.0	21.0	22.0	23.0	24.0	25.0	26.0	27.0	28.0	29.0	30.0	31.0	32.0	33.0	34.0	35.0	36.0	37.0
ES77_Blue-043_MG-lipid_14_1	2.0	1.0	17.0	43.0	108.0	250.0	692.0	1709.0	3931.0	8596.0	18478.0	37030.0	69850.0	118402.0	189264.0	268106.0	372259.0	497096.0	692051.0	1018681.0	2127686.0	14254803.0	26739677.0
	11.0	12.0	13.0	14.0	15.0	16.0	17.0	18.0	19.0	20.0	21.0	22.0	23.0	24.0	25.0	26.0	27.0	28.0	29.0	30.0	31.0	32.0	33.0	34.0	35.0	36.0	37.0
ES77_Blue-043_MG-lipid_14_2	9.0	189.0	1206.0	4654.0	11877.0	20568.0	32957.0	47686.0	70323.0	95924.0	131792.0	161060.0	181706.0	163843.0	150079.0	136879.0	138464.0	146658.0	171161.0	201192.0	257373.0	335743.0	467896.0	761417.0	2105947.0	16035538.0	24586591.0
	16.0	17.0	18.0	19.0	20.0	21.0	22.0	23.0	24.0	25.0	26.0	27.0	28.0	29.0	30.0	31.0	32.0	33.0	34.0	35.0	36.0	37.0
ES78_Blue-043_MG-lipid_21_1	2.0	12.0	30.0	102.0	251.0	670.0	1784.0	4387.0	9435.0	20185.0	40218.0	76331.0	128669.0	203914.0	288587.0	400533.0	534324.0	739506.0	1086810.0	2243755.0	14935672.0	29805407.0
	11.0	12.0	13.0	14.0	15.0	16.0	17.0	18.0	19.0	20.0	21.0	22.0	23.0	24.0	25.0	26.0	27.0	28.0	29.0	30.0	31.0	32.0	33.0	34.0	35.0	36.0	37.0
ES78_Blue-043_MG-lipid_21_2	10.0	206.0	1237.0	4823.0	12533.0	20838.0	31864.0	45857.0	66270.0	89187.0	125140.0	155216.0	176802.0	161370.0	150661.0	138073.0	140700.0	149077.0	173889.0	205438.0	263323.0	345121.0	487113.0	792537.0	2134433.0	16778554.0	27870312.0
	16.0	17.0	18.0	19.0	20.0	21.0	22.0	23.0	24.0	25.0	26.0	27.0	28.0	29.0	30.0	31.0	32.0	33.0	34.0	35.0	36.0	37.0
ES79_Blue-050_Control-lipid_0_1	3.0	7.0	28.0	86.0	262.0	634.0	1608.0	3722.0	7962.0	17241.0	33850.0	64267.0	109453.0	173325.0	239839.0	330388.0	443801.0	623984.0	925957.0	1929606.0	12090240.0	22345822.0
	11.0	12.0	13.0	14.0	15.0	16.0	17.0	18.0	19.0	20.0	21.0	22.0	23.0	24.0	25.0	26.0	27.0	28.0	29.0	30.0	31.0	32.0	33.0	34.0	35.0	36.0	37.0
ES79_Blue-050_Control-lipid_0_2	9.0	257.0	1644.0	6371.0	15474.0	25162.0	38556.0	54991.0	80212.0	108628.0	147268.0	179181.0	197909.0	171732.0	155141.0	140134.0	140019.0	149380.0	172955.0	204783.0	260835.0	342101.0	495428.0	836636.0	2286470.0	14514413.0	18616396.0
	16.0	17.0	18.0	19.0	20.0	21.0	22.0	23.0	24.0	25.0	26.0	27.0	28.0	29.0	30.0	31.0	32.0	33.0	34.0	35.0	36.0	37.0
ES7_SEM19-1354_Control-protein_14_1	3.0	8.0	34.0	115.0	259.0	677.0	1762.0	4264.0	8912.0	18922.0	37329.0	69136.0	114262.0	179202.0	250662.0	347676.0	464937.0	646716.0	961548.0	2019393.0	13330376.0	24827763.0
	11.0	12.0	13.0	14.0	15.0	16.0	17.0	18.0	19.0	20.0	21.0	22.0	23.0	24.0	25.0	26.0	27.0	28.0	29.0	30.0	31.0	32.0	33.0	34.0	35.0	36.0	37.0
ES7_SEM19-1354_Control-protein_14_2	9.0	179.0	1024.0	4249.0	11439.0	18655.0	28864.0	41858.0	61015.0	83838.0	115972.0	144857.0	165786.0	149664.0	137153.0	124863.0	126057.0	134273.0	158062.0	188425.0	243769.0	321565.0	466427.0	787563.0	2195115.0	15523285.0	22049990.0
	16.0	17.0	18.0	19.0	20.0	21.0	22.0	23.0	24.0	25.0	26.0	27.0	28.0	29.0	30.0	31.0	32.0	33.0	34.0	35.0	36.0	37.0
ES80_Blue-050_Control-lipid_14_1	6.0	9.0	32.0	85.0	231.0	685.0	1638.0	3966.0	8372.0	18262.0	36437.0	69500.0	116979.0	183406.0	252895.0	342725.0	449992.0	623618.0	918175.0	1909120.0	12675603.0	24587828.0
	11.0	12.0	13.0	14.0	15.0	16.0	17.0	18.0	19.0	20.0	21.0	22.0	23.0	24.0	25.0	26.0	27.0	28.0	29.0	30.0	31.0	32.0	33.0	34.0	35.0	36.0	37.0
ES80_Blue-050_Control-lipid_14_2	20.0	250.0	1769.0	6458.0	15728.0	25803.0	39638.0	58311.0	85912.0	116863.0	159555.0	191118.0	209078.0	183081.0	167846.0	155534.0	160808.0	173331.0	202480.0	239580.0	308260.0	410379.0	614053.0	1113607.0	3199605.0	17181549.0	17178948.0
	16.0	17.0	18.0	19.0	20.0	21.0	22.0	23.0	24.0	25.0	26.0	27.0	28.0	29.0	30.0	31.0	32.0	33.0	34.0	35.0	36.0	37.0
ES81_Blue-047_Control-lipid_0_1	5.0	11.0	40.0	115.0	299.0	795.0	1884.0	4449.0	9362.0	19817.0	39144.0	74864.0	126948.0	199020.0	275443.0	372180.0	482205.0	658565.0	953277.0	1973103.0	13556709.0	26518431.0
	11.0	12.0	13.0	14.0	15.0	16.0	17.0	18.0	19.0	20.0	21.0	22.0	23.0	24.0	25.0	26.0	27.0	28.0	29.0	30.0	31.0	32.0	33.0	34.0	35.0	36.0	37.0
ES81_Blue-047_Control-lipid_0_2	10.0	203.0	1374.0	5995.0	15765.0	26621.0	42649.0	63332.0	93441.0	127212.0	178372.0	220623.0	248124.0	217165.0	189588.0	162715.0	151740.0	151339.0	169236.0	193998.0	241998.0	305877.0	411965.0	634367.0	1724330.0	14942291.0	24746336.0
	13.0	14.0	15.0	16.0	17.0	18.0	19.0	20.0	21.0	22.0	23.0	24.0	25.0	26.0	27.0	28.0	29.0	30.0	31.0	32.0	33.0	34.0	35.0	36.0	37.0
ES82_Blue-047_Control-lipid_14_1	1.0	0.0	2.0	3.0	11.0	25.0	78.0	201.0	512.0	1307.0	2923.0	6196.0	13164.0	26149.0	49890.0	84695.0	134138.0	187530.0	259073.0	344713.0	482563.0	715187.0	1448655.0	8848261.0	17332705.0
	11.0	12.0	13.0	14.0	15.0	16.0	17.0	18.0	19.0	20.0	21.0	22.0	23.0	24.0	25.0	26.0	27.0	28.0	29.0	30.0	31.0	32.0	33.0	34.0	35.0	36.0	37.0
ES82_Blue-047_Control-lipid_14_2	9.0	183.0	1176.0	4719.0	12008.0	20457.0	33511.0	50303.0	74915.0	102368.0	140781.0	171235.0	190147.0	165482.0	149212.0	133618.0	131335.0	135750.0	154187.0	176146.0	218116.0	277577.0	387708.0	642580.0	1756017.0	11097927.0	13710515.0
	15.0	16.0	17.0	18.0	19.0	20.0	21.0	22.0	23.0	24.0	25.0	26.0	27.0	28.0	29.0	30.0	31.0	32.0	33.0	34.0	35.0	36.0	37.0
ES83_SEM19-1481_MG-lipid_0_1	1.0	3.0	12.0	32.0	114.0	265.0	695.0	1821.0	4367.0	9202.0	19755.0	38761.0	73601.0	125136.0	197657.0	276649.0	380822.0	502779.0	697522.0	1020895.0	2109802.0	14066254.0	27402150.0
	11.0	12.0	13.0	14.0	15.0	16.0	17.0	18.0	19.0	20.0	21.0	22.0	23.0	24.0	25.0	26.0	27.0	28.0	29.0	30.0	31.0	32.0	33.0	34.0	35.0	36.0	37.0
ES83_SEM19-1481_MG-lipid_0_2	11.0	193.0	1477.0	6063.0	15736.0	26707.0	40520.0	59178.0	84586.0	114899.0	159339.0	197512.0	221421.0	192229.0	172002.0	151072.0	145032.0	148294.0	168595.0	194973.0	245462.0	315775.0	437587.0	699757.0	1900432.0	15530434.0	25699009.0
	14.0	15.0	16.0	17.0	18.0	19.0	20.0	21.0	22.0	23.0	24.0	25.0	26.0	27.0	28.0	29.0	30.0	31.0	32.0	33.0	34.0	35.0	36.0	37.0
ES84_LD19-239_MG-lipid_0_1	1.0	2.0	5.0	11.0	25.0	102.0	268.0	759.0	1794.0	4088.0	8652.0	18584.0	37175.0	71043.0	122929.0	195560.0	276022.0	380086.0	503730.0	695513.0	1022372.0	2113120.0	13900642.0	27033482.0
	11.0	12.0	13.0	14.0	15.0	16.0	17.0	18.0	19.0	20.0	21.0	22.0	23.0	24.0	25.0	26.0	27.0	28.0	29.0	30.0	31.0	32.0	33.0	34.0	35.0	36.0	37.0
ES84_LD19-239_MG-lipid_0_2	17.0	251.0	1649.0	6648.0	17069.0	28087.0	42997.0	61145.0	87469.0	116893.0	160148.0	198603.0	223473.0	198563.0	180578.0	161163.0	160166.0	166841.0	194252.0	228073.0	290945.0	379863.0	541295.0	912513.0	2537095.0	16991660.0	22498509.0
	15.0	16.0	17.0	18.0	19.0	20.0	21.0	22.0	23.0	24.0	25.0	26.0	27.0	28.0	29.0	30.0	31.0	32.0	33.0	34.0	35.0	36.0	37.0
ES85_orange-24_Control-protein_0_1	1.0	5.0	10.0	25.0	81.0	263.0	703.0	1744.0	4371.0	9372.0	20240.0	39944.0	74937.0	123685.0	194203.0	269916.0	370477.0	492187.0	676770.0	982930.0	1983171.0	13010248.0	26669172.0
	10.0	11.0	12.0	13.0	14.0	15.0	16.0	17.0	18.0	19.0	20.0	21.0	22.0	23.0	24.0	25.0	26.0	27.0	28.0	29.0	30.0	31.0	32.0	33.0	34.0	35.0	36.0	37.0
ES85_orange-24_Control-protein_0_2	1.0	11.0	179.0	1066.0	4443.0	11084.0	18271.0	28499.0	40844.0	59199.0	80531.0	113164.0	142062.0	163215.0	149462.0	142395.0	132419.0	134116.0	142271.0	163446.0	190277.0	239282.0	307891.0	432053.0	695795.0	1896958.0	15072480.0	24563041.0
	16.0	17.0	18.0	19.0	20.0	21.0	22.0	23.0	24.0	25.0	26.0	27.0	28.0	29.0	30.0	31.0	32.0	33.0	34.0	35.0	36.0	37.0
ES86_orange-24_Control-protein_14_1	3.0	8.0	23.0	78.0	175.0	498.0	1238.0	2985.0	6361.0	13660.0	27709.0	52719.0	90426.0	144637.0	205845.0	286738.0	385721.0	541214.0	802105.0	1665893.0	10735387.0	20516176.0
	11.0	12.0	13.0	14.0	15.0	16.0	17.0	18.0	19.0	20.0	21.0	22.0	23.0	24.0	25.0	26.0	27.0	28.0	29.0	30.0	31.0	32.0	33.0	34.0	35.0	36.0	37.0
ES86_orange-24_Control-protein_14_2	9.0	122.0	799.0	3262.0	8286.0	13660.0	21604.0	32162.0	47024.0	64023.0	89418.0	111189.0	127443.0	117197.0	108311.0	100573.0	102129.0	108380.0	126883.0	150743.0	191807.0	250491.0	353783.0	577164.0	1554815.0	11891938.0	19326384.0
	15.0	16.0	17.0	18.0	19.0	20.0	21.0	22.0	23.0	24.0	25.0	26.0	27.0	28.0	29.0	30.0	31.0	32.0	33.0	34.0	35.0	36.0	37.0
ES87_orange-24_Control-protein_21_1	1.0	4.0	8.0	37.0	90.0	252.0	770.0	1879.0	4684.0	10050.0	21850.0	42528.0	77937.0	128528.0	198655.0	274127.0	375216.0	497249.0	684717.0	998793.0	2013392.0	12898211.0	25486280.0
	11.0	12.0	13.0	14.0	15.0	16.0	17.0	18.0	19.0	20.0	21.0	22.0	23.0	24.0	25.0	26.0	27.0	28.0	29.0	30.0	31.0	32.0	33.0	34.0	35.0	36.0	37.0
ES87_orange-24_Control-protein_21_2	5.0	144.0	1184.0	4527.0	12080.0	20205.0	31680.0	44957.0	63993.0	86847.0	121351.0	151809.0	176707.0	159899.0	148785.0	135698.0	133694.0	138877.0	156948.0	180569.0	226511.0	289942.0	400005.0	636409.0	1706080.0	14052961.0	24633391.0
	15.0	16.0	17.0	18.0	19.0	20.0	21.0	22.0	23.0	24.0	25.0	26.0	27.0	28.0	29.0	30.0	31.0	32.0	33.0	34.0	35.0	36.0	37.0
ES88_610_MG-protein_0_1	1.0	3.0	9.0	36.0	125.0	244.0	707.0	1750.0	4442.0	9538.0	20798.0	40886.0	76549.0	125500.0	194786.0	271378.0	371730.0	489246.0	670630.0	979458.0	2026450.0	14330970.0	29226465.0
	11.0	12.0	13.0	14.0	15.0	16.0	17.0	18.0	19.0	20.0	21.0	22.0	23.0	24.0	25.0	26.0	27.0	28.0	29.0	30.0	31.0	32.0	33.0	34.0	35.0	36.0	37.0
ES88_610_MG-protein_0_2	3.0	137.0	858.0	3492.0	9155.0	14922.0	23268.0	34482.0	51167.0	71116.0	99833.0	124339.0	143492.0	132493.0	127543.0	121311.0	124733.0	132954.0	157556.0	186129.0	236509.0	305686.0	426462.0	682331.0	1909426.0	16612906.0	27109398.0
	20.0	21.0	22.0	23.0	24.0	25.0	26.0	27.0	28.0	29.0	30.0	31.0	32.0	33.0	34.0	35.0	36.0	37.0
ES89_Blue-049_Control-protein_0_1	4.0	6.0	28.0	99.0	205.0	401.0	806.0	1333.0	1832.0	2526.0	3067.0	3554.0	3814.0	4444.0	5519.0	8272.0	27213.0	47760.0
	12.0	13.0	14.0	15.0	16.0	17.0	18.0	19.0	20.0	21.0	22.0	23.0	24.0	25.0	26.0	27.0	28.0	29.0	30.0	31.0	32.0	33.0	34.0	35.0	36.0	37.0
ES89_Blue-049_Control-protein_0_2	9.0	25.0	79.0	98.0	164.0	187.0	258.0	408.0	532.0	655.0	793.0	943.0	1023.0	1147.0	1182.0	1290.0	1552.0	1996.0	2389.0	2749.0	2945.0	3262.0	3751.0	5699.0	25478.0	52269.0
	14.0	15.0	16.0	17.0	18.0	19.0	20.0	21.0	22.0	23.0	24.0	25.0	26.0	27.0	28.0	29.0	30.0	31.0	32.0	33.0	34.0	35.0	36.0	37.0
ES8_SEM19-1354_Control-protein_21_1	2.0	1.0	7.0	11.0	36.0	83.0	237.0	618.0	1526.0	3580.0	7769.0	16629.0	33323.0	64059.0	110607.0	177676.0	252862.0	350922.0	466445.0	645003.0	945839.0	1944356.0	13340855.0	27460625.0
	11.0	12.0	13.0	14.0	15.0	16.0	17.0	18.0	19.0	20.0	21.0	22.0	23.0	24.0	25.0	26.0	27.0	28.0	29.0	30.0	31.0	32.0	33.0	34.0	35.0	36.0	37.0
ES8_SEM19-1354_Control-protein_21_2	11.0	220.0	1336.0	5654.0	13912.0	22929.0	34862.0	51298.0	75514.0	103569.0	144622.0	179383.0	201762.0	178028.0	157364.0	138018.0	134948.0	141167.0	162942.0	191309.0	244738.0	315652.0	439428.0	707940.0	1917793.0	15199708.0	25058964.0
	16.0	17.0	18.0	19.0	20.0	21.0	22.0	23.0	24.0	25.0	26.0	27.0	28.0	29.0	30.0	31.0	32.0	33.0	34.0	35.0	36.0	37.0
ES90_Blue-049_Control-protein_14_1	4.0	19.0	48.0	93.0	288.0	867.0	1950.0	4657.0	9646.0	20883.0	41773.0	80319.0	136944.0	213610.0	291373.0	387384.0	501992.0	679281.0	971971.0	1983400.0	13158412.0	26015235.0
	11.0	12.0	13.0	14.0	15.0	16.0	17.0	18.0	19.0	20.0	21.0	22.0	23.0	24.0	25.0	26.0	27.0	28.0	29.0	30.0	31.0	32.0	33.0	34.0	35.0	36.0	37.0
ES90_Blue-049_Control-protein_14_2	13.0	240.0	1736.0	6821.0	16795.0	29015.0	45603.0	68672.0	101185.0	138427.0	191848.0	233982.0	257632.0	222603.0	194476.0	166981.0	158010.0	159787.0	180605.0	208244.0	260137.0	329450.0	441018.0	673084.0	1794536.0	14801206.0	23818043.0
	15.0	16.0	17.0	18.0	19.0	20.0	21.0	22.0	23.0	24.0	25.0	26.0	27.0	28.0	29.0	30.0	31.0	32.0	33.0	34.0	35.0	36.0	37.0
ES91_Blue-049_Control-protein_21_1	1.0	1.0	12.0	35.0	89.0	246.0	640.0	1698.0	3917.0	8350.0	18037.0	36184.0	70815.0	122154.0	195901.0	271994.0	369434.0	484694.0	667736.0	965278.0	1963529.0	12546540.0	24681655.0
	11.0	12.0	13.0	14.0	15.0	16.0	17.0	18.0	19.0	20.0	21.0	22.0	23.0	24.0	25.0	26.0	27.0	28.0	29.0	30.0	31.0	32.0	33.0	34.0	35.0	36.0	37.0
ES91_Blue-049_Control-protein_21_2	15.0	252.0	1654.0	6642.0	16775.0	28346.0	42577.0	60255.0	84997.0	112953.0	155895.0	193830.0	217975.0	191557.0	171059.0	149725.0	144234.0	148693.0	169640.0	199022.0	251165.0	326631.0	459087.0	754309.0	2054801.0	14628329.0	21838522.0
	15.0	16.0	17.0	18.0	19.0	20.0	21.0	22.0	23.0	24.0	25.0	26.0	27.0	28.0	29.0	30.0	31.0	32.0	33.0	34.0	35.0	36.0	37.0
ES92_SEM19-76_MG-lipid_0_1	1.0	3.0	13.0	46.0	129.0	354.0	891.0	2320.0	5442.0	11481.0	24200.0	46838.0	87109.0	142941.0	220959.0	299402.0	401378.0	519271.0	704645.0	1010010.0	2068435.0	14422392.0	29448224.0
	11.0	12.0	13.0	14.0	15.0	16.0	17.0	18.0	19.0	20.0	21.0	22.0	23.0	24.0	25.0	26.0	27.0	28.0	29.0	30.0	31.0	32.0	33.0	34.0	35.0	36.0	37.0
ES92_SEM19-76_MG-lipid_0_2	10.0	278.0	2055.0	8161.0	20009.0	32952.0	52558.0	76378.0	112459.0	153961.0	213938.0	265063.0	298083.0	260219.0	228060.0	193569.0	179924.0	178956.0	199393.0	227937.0	282587.0	355207.0	480929.0	750095.0	2081331.0	16858180.0	25904192.0
	15.0	16.0	17.0	18.0	19.0	20.0	21.0	22.0	23.0	24.0	25.0	26.0	27.0	28.0	29.0	30.0	31.0	32.0	33.0	34.0	35.0	36.0	37.0
ES93_SEM19-76_MG-lipid_14_1	1.0	1.0	12.0	28.0	103.0	269.0	826.0	1910.0	4685.0	9520.0	20474.0	40784.0	77709.0	131544.0	208755.0	289676.0	394149.0	520320.0	717257.0	1037723.0	2097201.0	13796625.0	28460915.0
	11.0	12.0	13.0	14.0	15.0	16.0	17.0	18.0	19.0	20.0	21.0	22.0	23.0	24.0	25.0	26.0	27.0	28.0	29.0	30.0	31.0	32.0	33.0	34.0	35.0	36.0	37.0
ES93_SEM19-76_MG-lipid_14_2	9.0	269.0	1741.0	6931.0	17972.0	30149.0	45710.0	62023.0	85595.0	113253.0	157138.0	197063.0	226105.0	202639.0	184425.0	162517.0	159083.0	162709.0	183246.0	210633.0	263912.0	336539.0	466774.0	744073.0	2002139.0	16021273.0	25766567.0
	16.0	17.0	18.0	19.0	20.0	21.0	22.0	23.0	24.0	25.0	26.0	27.0	28.0	29.0	30.0	31.0	32.0	33.0	34.0	35.0	36.0	37.0
ES94_SEM19-76_MG-lipid_21_1	6.0	11.0	38.0	103.0	321.0	881.0	2125.0	5254.0	10918.0	23532.0	45849.0	85357.0	142303.0	221790.0	305318.0	412802.0	540880.0	744404.0	1082512.0	2234725.0	14723423.0	28707358.0
	11.0	12.0	13.0	14.0	15.0	16.0	17.0	18.0	19.0	20.0	21.0	22.0	23.0	24.0	25.0	26.0	27.0	28.0	29.0	30.0	31.0	32.0	33.0	34.0	35.0	36.0	37.0
ES94_SEM19-76_MG-lipid_21_2	17.0	295.0	1817.0	6840.0	16877.0	28361.0	44399.0	64536.0	94008.0	127139.0	173821.0	212897.0	240631.0	214109.0	194604.0	175349.0	171926.0	177506.0	205031.0	241590.0	307795.0	400895.0	569262.0	945145.0	2640481.0	18008805.0	24025774.0
	16.0	17.0	18.0	19.0	20.0	21.0	22.0	23.0	24.0	25.0	26.0	27.0	28.0	29.0	30.0	31.0	32.0	33.0	34.0	35.0	36.0	37.0
ES95_610_MG-protein_14_1	5.0	10.0	33.0	92.0	271.0	735.0	1759.0	4257.0	9035.0	20021.0	38925.0	75690.0	130038.0	206374.0	288216.0	396217.0	520507.0	710936.0	1029150.0	2111341.0	14653720.0	29607109.0
	11.0	12.0	13.0	14.0	15.0	16.0	17.0	18.0	19.0	20.0	21.0	22.0	23.0	24.0	25.0	26.0	27.0	28.0	29.0	30.0	31.0	32.0	33.0	34.0	35.0	36.0	37.0
ES95_610_MG-protein_14_2	9.0	288.0	1935.0	7820.0	19151.0	32445.0	49069.0	67380.0	92981.0	123851.0	171776.0	213238.0	242143.0	216977.0	195806.0	173304.0	168973.0	173768.0	198355.0	228550.0	287290.0	365988.0	505822.0	815873.0	2245386.0	17392398.0	25813865.0
	14.0	15.0	16.0	17.0	18.0	19.0	20.0	21.0	22.0	23.0	24.0	25.0	26.0	27.0	28.0	29.0	30.0	31.0	32.0	33.0	34.0	35.0	36.0	37.0
ES96_610_MG-protein_21_1	1.0	1.0	1.0	11.0	37.0	98.0	281.0	821.0	2055.0	4760.0	9644.0	20809.0	40734.0	76544.0	127047.0	197847.0	271910.0	368781.0	479114.0	648015.0	929587.0	1930032.0	14063158.0	29015677.0
	11.0	12.0	13.0	14.0	15.0	16.0	17.0	18.0	19.0	20.0	21.0	22.0	23.0	24.0	25.0	26.0	27.0	28.0	29.0	30.0	31.0	32.0	33.0	34.0	35.0	36.0	37.0
ES96_610_MG-protein_21_2	18.0	341.0	2026.0	7226.0	16843.0	28253.0	44551.0	66565.0	98575.0	133544.0	184483.0	223644.0	247791.0	215605.0	194878.0	174049.0	171567.0	179776.0	207813.0	243777.0	309343.0	398312.0	556455.0	920742.0	2617266.0	17862654.0	23080868.0
	15.0	16.0	17.0	18.0	19.0	20.0	21.0	22.0	23.0	24.0	25.0	26.0	27.0	28.0	29.0	30.0	31.0	32.0	33.0	34.0	35.0	36.0	37.0
ES97_SEM19-107_MG-protein_0_1	2.0	0.0	11.0	32.0	73.0	236.0	582.0	1564.0	3917.0	8764.0	19542.0	40600.0	77602.0	131728.0	207838.0	290082.0	396135.0	527130.0	732888.0	1072287.0	2218721.0	14247871.0	27533100.0
	11.0	12.0	13.0	14.0	15.0	16.0	17.0	18.0	19.0	20.0	21.0	22.0	23.0	24.0	25.0	26.0	27.0	28.0	29.0	30.0	31.0	32.0	33.0	34.0	35.0	36.0	37.0
ES97_SEM19-107_MG-protein_0_2	6.0	200.0	1239.0	4438.0	10522.0	16808.0	24446.0	33551.0	46485.0	62509.0	86315.0	107949.0	123574.0	116871.0	117547.0	117257.0	128603.0	143904.0	173419.0	209328.0	272725.0	365140.0	539614.0	934701.0	2611577.0	17527990.0	23733987.0
	13.0	14.0	15.0	16.0	17.0	18.0	19.0	20.0	21.0	22.0	23.0	24.0	25.0	26.0	27.0	28.0	29.0	30.0	31.0	32.0	33.0	34.0	35.0	36.0	37.0
ES98_SEM19-107_MG-protein_14_1	1.0	0.0	1.0	7.0	12.0	36.0	77.0	225.0	638.0	1679.0	4231.0	9382.0	20776.0	42575.0	81817.0	139013.0	221594.0	315098.0	439067.0	586692.0	817125.0	1204515.0	2509699.0	16863142.0	32992544.0
	11.0	12.0	13.0	14.0	15.0	16.0	17.0	18.0	19.0	20.0	21.0	22.0	23.0	24.0	25.0	26.0	27.0	28.0	29.0	30.0	31.0	32.0	33.0	34.0	35.0	36.0	37.0
ES98_SEM19-107_MG-protein_14_2	8.0	111.0	822.0	3054.0	7622.0	12955.0	20583.0	30582.0	45027.0	62152.0	84577.0	104548.0	121115.0	119207.0	122448.0	126587.0	141492.0	161604.0	196290.0	237247.0	306800.0	403054.0	576566.0	958627.0	2685240.0	20097315.0	29624313.0
	15.0	16.0	17.0	18.0	19.0	20.0	21.0	22.0	23.0	24.0	25.0	26.0	27.0	28.0	29.0	30.0	31.0	32.0	33.0	34.0	35.0	36.0	37.0
ES99_SEM19-107_MG-protein_21_1	1.0	1.0	9.0	34.0	70.0	237.0	650.0	1659.0	4171.0	8897.0	19695.0	40293.0	78153.0	134387.0	213534.0	296768.0	403686.0	535411.0	744515.0	1092407.0	2251490.0	14126953.0	26634383.0
	11.0	12.0	13.0	14.0	15.0	16.0	17.0	18.0	19.0	20.0	21.0	22.0	23.0	24.0	25.0	26.0	27.0	28.0	29.0	30.0	31.0	32.0	33.0	34.0	35.0	36.0	37.0
ES99_SEM19-107_MG-protein_21_2	5.0	172.0	1024.0	3798.0	9800.0	15953.0	24187.0	34387.0	48585.0	64971.0	88864.0	108854.0	126438.0	120677.0	121481.0	121388.0	134486.0	150436.0	179861.0	217333.0	280490.0	373063.0	546870.0	936713.0	2593154.0	17274609.0	23009805.0
	15.0	16.0	17.0	18.0	19.0	20.0	21.0	22.0	23.0	24.0	25.0	26.0	27.0	28.0	29.0	30.0	31.0	32.0	33.0	34.0	35.0	36.0	37.0
ES9_172_Control-protein_0_1	2.0	4.0	5.0	37.0	125.0	289.0	737.0	2069.0	4958.0	10560.0	22345.0	42644.0	77225.0	123745.0	189519.0	259671.0	350591.0	461121.0	631803.0	918815.0	1887100.0	13208246.0	27059335.0
	11.0	12.0	13.0	14.0	15.0	16.0	17.0	18.0	19.0	20.0	21.0	22.0	23.0	24.0	25.0	26.0	27.0	28.0	29.0	30.0	31.0	32.0	33.0	34.0	35.0	36.0	37.0
ES9_172_Control-protein_0_2	13.0	177.0	1161.0	4790.0	12312.0	19950.0	30988.0	46105.0	69121.0	95573.0	134801.0	169347.0	194165.0	174716.0	160220.0	142372.0	140027.0	143875.0	164269.0	192138.0	244703.0	317987.0	447647.0	721175.0	1954826.0	15218673.0	24449815.0

