Sample	1	2	3	4	5	6	7	8	9	10	11	12	13	14	15	16	17	18	19	20	21	22	23	24	25	26	27	28	29	30	31	32	33	34	35	36	37	38	39	40	41	42	43	44	45	46	47	48	49	50
ES100_SEM19-140_Control-lipid_0_1 - Adapter 1	9357986	2968595	676835	105050	27998	1881	491	477	612	680	704	321	349	381	305	328	340	297	257	287	253	211	230	207	208	180	191	156	151	126	584	163	104	122	55	79	47	53	25	27	63	48	44	195	35	81	1462	2032	232	4325
ES100_SEM19-140_Control-lipid_0_2 - Adapter 1	10413755	3359622	1087242	165435	54996	6293	1223	581	718	1134	987	601	534	563	367	443	609	271	511	221	271	269	299	333	198	203	229	156	182	165	573	171	108	96	83	73	60	59	30	30	68	32	35	22	23	11	46	57	24	89
ES101_SEM19-140_Control-lipid_14_1 - Adapter 1	9242051	2743115	633558	102891	26656	2059	554	477	695	704	771	441	452	439	369	389	448	347	296	348	313	241	261	329	281	223	196	189	184	121	258	165	156	112	107	70	54	68	53	35	31	8	24	44	23	52	99	42	109	5545
ES101_SEM19-140_Control-lipid_14_2 - Adapter 1	10088298	3230143	1072493	162498	49956	5872	1387	677	809	1264	1102	729	706	645	435	593	746	325	648	236	391	352	354	437	299	242	271	201	225	209	180	155	103	133	107	59	83	53	48	21	40	26	23	10	26	15	47	24	25	53
ES102_SEM19-140_Control-lipid_21_1 - Adapter 1	10072577	3119020	713679	114538	29281	2159	657	544	764	840	890	468	475	525	423	482	546	398	326	357	322	292	338	297	291	286	241	236	220	156	170	161	136	124	75	79	54	34	48	39	60	27	58	186	44	99	1139	474	201	15510
ES102_SEM19-140_Control-lipid_21_2 - Adapter 1	11067947	3491909	1168355	174863	55643	6639	1672	771	955	1331	1261	728	767	805	516	679	808	410	698	283	396	407	379	428	353	344	364	207	234	156	184	146	137	120	76	88	56	53	42	34	45	25	16	10	20	11	56	21	22	91
ES103_625_Control-lipid_0_1 - Adapter 1	10760804	3274430	736141	121281	32318	2428	750	655	889	911	938	527	537	593	488	446	603	475	341	421	364	308	360	332	344	246	275	246	194	171	494	198	143	143	106	97	69	68	57	55	91	41	59	107	39	95	562	392	351	20015
ES103_625_Control-lipid_0_2 - Adapter 1	11484949	3786455	1241137	192523	65860	6580	1905	842	1122	1533	1322	846	880	867	566	711	960	423	662	367	469	401	449	531	371	293	411	254	225	287	384	170	164	143	112	112	83	68	59	36	59	28	44	22	34	15	73	26	18	163
ES104_625_Control-lipid_14_1 - Adapter 1	8658454	2665498	591673	97538	25444	1877	541	424	615	686	706	399	391	412	359	385	422	339	250	310	265	234	239	240	230	191	187	163	174	136	224	133	95	86	83	45	44	54	42	43	63	84	115	421	103	187	3819	1201	2222	95795
ES104_625_Control-lipid_14_2 - Adapter 1	9394618	2899381	959957	150808	51094	5090	1284	606	757	1110	921	612	610	625	375	536	613	269	519	241	323	301	306	327	225	219	247	153	192	135	232	112	113	93	56	54	46	59	36	33	49	31	20	10	23	22	62	65	44	270
ES105_625_Control-lipid_21_1 - Adapter 1	11080705	3545996	780242	130054	34140	2506	770	636	948	971	1106	574	549	604	594	545	597	491	431	500	383	369	403	389	336	287	299	287	234	182	644	192	172	150	85	70	51	40	77	73	110	32	59	67	30	92	155	71	121	4586
ES105_625_Control-lipid_21_2 - Adapter 1	11947578	4040120	1311814	207649	68292	7023	1967	970	1312	1551	1578	893	966	911	650	784	927	428	861	384	532	488	523	545	404	390	448	301	265	292	539	204	152	167	103	94	86	61	61	60	59	37	79	20	32	20	87	17	14	73
ES10_172_Control-protein_14_1 - Adapter 1	9046928	2815747	623409	99514	25417	1724	418	376	584	564	635	306	293	329	252	304	303	231	197	236	242	202	206	220	203	190	172	137	152	118	204	118	137	91	81	60	50	41	45	36	46	47	41	72	44	56	179	278	832	49553
ES10_172_Control-protein_14_2 - Adapter 1	9918553	3136478	977745	153847	54190	5640	1157	512	654	937	939	534	459	486	320	462	539	225	445	175	286	274	279	302	211	222	224	147	166	153	176	117	139	73	72	57	47	56	35	37	33	35	27	17	39	17	59	23	50	567
ES11_172_Control-protein_21_1 - Adapter 1	10227925	3182511	701226	112447	28084	1877	479	431	647	685	720	377	359	342	327	356	361	284	219	287	249	222	225	284	254	192	196	169	188	128	101	127	110	95	60	73	47	55	48	49	53	14	13	32	33	50	83	34	91	6729
ES11_172_Control-protein_21_2 - Adapter 1	11223096	3469305	1099905	171421	58897	6127	1336	591	793	1113	923	642	505	552	336	491	623	266	468	205	288	291	303	311	276	240	309	142	184	140	134	109	135	76	79	83	55	45	42	50	50	16	28	3	20	12	57	26	17	98
ES12_209_MG-lipid_0_1 - Adapter 1	10080015	3149762	685154	104075	27059	1583	467	338	559	576	621	279	283	312	235	292	296	231	220	225	214	193	184	205	174	142	145	153	149	110	163	90	93	64	70	57	60	57	29	30	40	17	20	37	18	40	104	92	173	6503
ES12_209_MG-lipid_0_2 - Adapter 1	11334320	3626172	1134601	177323	60357	5437	1213	449	807	1082	836	516	467	446	290	392	521	256	422	187	239	239	286	290	196	170	216	136	153	137	143	100	93	69	73	50	62	47	31	28	39	20	9	22	22	15	55	22	18	144
ES13_209_MG-lipid_14_1 - Adapter 1	9987739	3129671	687872	116246	31657	1816	538	406	628	659	622	332	327	374	301	335	365	265	237	307	218	207	235	232	181	178	167	155	142	106	108	96	94	84	64	60	39	63	35	33	70	18	17	52	12	47	126	99	266	10329
ES13_209_MG-lipid_14_2 - Adapter 1	10970916	3508961	1106064	179465	57556	6275	1544	573	852	1160	952	609	488	549	381	459	545	248	496	206	303	259	285	347	201	239	236	144	165	114	121	89	99	89	55	72	36	68	47	38	54	16	11	7	20	6	51	30	12	132
ES14_209_MG-lipid_21_1 - Adapter 1	8354651	2611205	569168	89580	23735	1429	388	362	496	516	576	340	330	333	265	319	341	239	219	257	190	190	190	193	208	151	179	186	111	107	227	105	102	78	46	38	49	47	35	23	25	21	17	44	24	48	121	96	201	5858
ES14_209_MG-lipid_21_2 - Adapter 1	9398893	2976309	938389	146151	48193	4945	1078	504	710	897	788	521	490	515	340	386	540	217	485	156	239	225	251	282	254	185	236	128	183	96	272	91	116	85	38	46	48	59	35	27	29	15	10	8	19	9	45	16	18	110
ES15_601_Control-protein_14_1 - Adapter 1	9199312	2936461	645213	104041	26214	1754	514	419	598	657	677	343	319	381	329	339	360	274	245	288	217	207	239	217	229	170	183	175	186	111	120	114	107	93	80	78	63	36	38	21	53	11	23	35	22	31	117	79	85	2796
ES15_601_Control-protein_14_2 - Adapter 1	10120933	3258840	1028363	159429	55544	7303	1210	584	775	1142	1046	609	542	536	404	534	578	323	502	211	301	258	333	312	236	206	258	173	204	117	134	101	132	99	83	78	59	52	37	22	43	14	20	11	20	8	71	31	10	33
ES16_601_Control-protein_21_1 - Adapter 1	10066222	3296805	714278	113821	28238	1733	518	417	539	612	787	334	327	328	347	362	336	291	213	279	254	224	225	238	235	189	169	189	151	97	211	126	108	121	71	65	48	64	43	33	50	15	25	35	21	41	83	67	133	6344
ES16_601_Control-protein_21_2 - Adapter 1	11038344	3606680	1107076	170801	65023	7702	1346	552	817	1094	1206	547	558	501	406	532	538	309	470	213	325	293	332	347	226	236	218	169	167	164	173	113	144	86	83	72	64	66	43	36	60	16	38	18	23	24	49	16	14	92
ES17_615_Control-protein_0_1 - Adapter 1	9669770	2963090	647377	99101	26895	1717	482	409	613	608	563	305	348	314	280	303	356	243	232	251	240	215	207	216	198	164	177	161	162	139	170	125	120	98	81	71	62	36	23	29	38	14	38	39	24	57	141	128	191	7211
ES17_615_Control-protein_0_2 - Adapter 1	10808458	3478420	1029261	168144	59848	5023	1321	514	738	1046	938	534	524	507	328	485	519	247	476	200	275	286	282	331	222	195	205	150	175	192	120	127	97	93	74	76	56	40	26	35	38	25	17	11	20	15	48	27	29	118
ES18_615_Control-protein_14_1 - Adapter 1	9495351	2910224	645193	111255	28821	1861	625	548	661	699	759	373	412	399	374	367	416	301	288	343	316	208	283	290	222	225	186	210	202	172	120	157	109	108	78	71	59	33	42	52	50	21	26	46	33	66	167	190	319	17148
ES18_615_Control-protein_14_2 - Adapter 1	10218056	3235531	985200	165943	55019	5381	1610	723	910	1241	1078	654	695	620	456	555	675	279	609	229	350	325	339	414	270	264	279	212	192	173	117	129	130	89	70	67	60	51	46	32	34	22	19	12	33	4	51	23	13	151
ES19_615_Control-protein_21_1 - Adapter 1	9015745	2904250	630947	105938	26241	1752	547	463	750	690	865	437	417	472	381	467	516	390	317	354	353	301	315	310	298	236	255	223	197	145	227	190	157	125	121	81	69	77	58	65	75	38	41	111	52	72	277	365	1291	82292
ES19_615_Control-protein_21_2 - Adapter 1	10052786	3135982	964783	154546	53935	6709	1466	720	950	1176	1182	732	686	720	437	669	751	424	573	338	484	375	403	448	293	275	326	219	206	180	196	151	136	127	105	84	88	88	43	56	52	22	24	11	21	17	54	33	72	918
ES1_48_Control-lipid_0_1 - Adapter 1	10592970	3378712	730401	120121	31724	2241	616	534	770	833	933	455	449	508	409	403	482	377	331	381	353	266	352	310	267	272	239	241	215	174	390	186	173	121	131	88	78	73	47	66	101	82	136	467	158	210	5097	2838	1183	68559
ES1_48_Control-lipid_0_2 - Adapter 1	11527718	3722745	1114888	180164	60150	7518	1569	815	963	1410	1248	801	761	735	487	631	793	385	679	291	402	388	421	434	362	307	349	236	202	291	291	212	136	119	120	78	101	62	48	51	74	46	43	24	33	36	77	31	110	1154
ES20_618_Control-lipid_0_1 - Adapter 1	9740604	3175314	691113	105225	25663	1684	447	399	552	601	603	294	318	333	305	340	386	239	227	258	242	193	196	226	194	179	147	148	130	121	221	101	101	77	78	63	49	44	33	51	48	29	22	55	30	39	343	150	119	4438
ES20_618_Control-lipid_0_2 - Adapter 1	10934270	3559671	1130683	166559	61001	6732	1231	538	808	1069	933	573	510	533	338	528	635	207	507	163	302	253	320	352	215	206	216	155	166	175	159	112	86	76	112	43	63	48	22	30	38	19	33	12	16	13	54	27	14	82
ES21_618_Control-lipid_14_1 - Adapter 1	6752669	2175557	476735	74864	17812	1286	727	290	414	720	559	452	595	410	460	263	621	235	183	212	200	259	192	221	216	166	175	205	167	157	4363	232	270	190	252	235	93	125	98	117	144	116	160	266	136	145	447	1260	7894	335574
ES21_618_Control-lipid_14_2 - Adapter 1	7612963	2468489	824169	122824	41393	4640	1998	550	2261	729	1303	453	600	392	432	395	609	200	353	174	256	187	212	232	187	185	284	269	283	1049	3066	239	208	168	325	78	89	116	88	62	128	47	120	48	43	43	166	175	340	1679
ES22_618_Control-lipid_21_1 - Adapter 1	9602509	3012479	663533	108061	26953	1819	502	454	611	574	658	361	325	383	317	338	375	286	247	296	244	203	252	238	246	154	153	157	144	105	297	111	126	74	100	63	53	59	39	33	66	17	34	83	61	70	315	334	660	29662
ES22_618_Control-lipid_21_2 - Adapter 1	10775476	3402740	1091559	165249	57491	6574	1381	598	773	1130	1052	554	554	508	353	568	598	289	502	225	280	274	324	376	266	210	202	175	148	210	189	123	111	71	90	74	61	54	46	38	42	22	29	7	39	13	89	44	31	478
ES23_Blue-010_Control-lipid_0_1 - Adapter 1	9686128	3032904	663907	108037	27522	1793	470	407	677	649	684	349	334	350	310	307	386	277	224	281	266	186	277	242	251	197	185	154	180	123	266	149	155	114	91	69	65	55	45	35	53	26	19	27	20	41	127	109	175	6430
ES23_Blue-010_Control-lipid_0_2 - Adapter 1	10539312	3429489	1046556	174758	55946	6018	1382	589	838	1179	960	562	557	558	348	477	613	270	521	213	296	272	355	361	306	183	254	162	172	167	224	151	125	88	99	53	61	85	32	45	33	28	27	7	38	23	71	24	15	119
ES24_Blue-010_Control-lipid_21_1 - Adapter 1	10169230	3346220	718221	116633	29044	2076	650	540	746	820	925	488	483	452	430	450	482	360	307	376	303	317	324	357	279	232	253	234	244	179	156	168	161	109	89	58	39	51	52	36	47	20	22	26	31	75	94	39	56	4062
ES24_Blue-010_Control-lipid_21_2 - Adapter 1	11183481	3633766	1167115	175300	58702	6277	1767	761	930	1413	1172	854	766	753	428	630	743	353	590	349	439	386	448	468	306	268	317	254	250	203	139	172	166	97	94	56	52	72	44	29	47	26	17	7	21	13	67	22	7	82
ES25_619_MG-lipid_0_1 - Adapter 1	9214394	2895396	628345	92881	23753	1421	393	295	465	502	555	293	240	271	241	254	284	209	203	221	194	178	202	145	153	105	129	128	142	95	108	90	104	73	63	31	32	35	29	30	38	23	21	115	20	47	1172	2926	700	2463
ES25_619_MG-lipid_0_2 - Adapter 1	10191681	3319931	971500	158078	59445	5232	1161	418	631	979	819	502	416	397	277	431	462	229	314	220	260	278	251	227	206	170	201	125	150	92	141	88	134	57	45	50	38	46	33	41	38	16	12	3	23	6	47	16	17	125
ES26_619_MG-lipid_14_1 - Adapter 1	9344067	2889527	634864	101090	26289	1601	451	354	583	592	642	317	322	340	305	309	334	252	229	264	220	202	226	233	193	159	166	170	168	127	396	134	153	98	81	88	61	59	45	50	81	259	384	1148	389	109	1532	1551	1740	87633
ES26_619_MG-lipid_14_2 - Adapter 1	10394758	3265183	1016559	164616	54658	5527	1315	523	752	1090	960	534	585	488	338	505	583	248	474	174	283	274	322	356	243	195	216	172	179	194	313	130	149	91	85	82	41	74	35	37	38	17	30	20	18	18	57	37	67	992
ES27_619_MG-lipid_21_1 - Adapter 1	9621487	2942953	648292	104946	27212	1609	495	385	608	569	684	302	315	342	290	308	302	263	227	268	248	218	217	234	194	180	186	168	188	121	1138	164	229	103	128	130	66	104	178	72	57	30	36	56	24	64	376	184	254	7287
ES27_619_MG-lipid_21_2 - Adapter 1	10312428	3351806	1021006	166935	60835	5932	1340	550	744	1111	1013	547	539	533	338	502	558	250	533	202	265	311	301	352	207	193	223	169	187	201	1064	189	181	99	116	160	48	114	154	83	38	41	71	25	33	31	49	52	50	160
ES28_Blue-098_Control-lipid_0_1 - Adapter 1	11184540	3600996	790278	139579	35479	2615	881	696	885	987	1121	598	539	600	519	596	667	453	410	502	435	366	403	385	380	270	323	276	283	218	201	199	167	177	113	89	56	69	46	48	73	22	26	60	27	56	143	65	111	5732
ES28_Blue-098_Control-lipid_0_2 - Adapter 1	12140109	4001902	1215651	199961	69119	9258	1981	1045	1262	1697	1648	1024	904	918	636	840	1072	445	858	370	542	479	578	592	407	342	412	270	327	250	172	166	203	178	129	90	105	79	62	47	79	31	23	13	21	22	108	55	19	75
ES29_Blue-098_Control-lipid_14_1 - Adapter 1	10766728	3543920	772579	132396	33469	2381	763	606	904	932	1094	559	545	578	498	579	576	491	393	494	408	334	354	362	344	285	293	265	287	194	198	155	170	148	128	92	72	63	59	52	82	62	121	1877	485	109	661	554	503	30028
ES29_Blue-098_Control-lipid_14_2 - Adapter 1	11656312	3919829	1181818	192657	70847	8532	1915	886	1136	1631	1597	909	894	910	604	775	936	485	728	500	568	474	489	571	400	342	442	311	274	244	134	191	130	154	101	120	78	82	48	59	61	41	31	10	35	12	90	47	24	513
ES2_48_Control-lipid_14_1 - Adapter 1	9244528	2971317	648755	103158	27552	1795	467	404	550	634	697	307	317	366	267	336	353	260	211	283	220	199	239	206	182	159	152	159	121	119	180	137	90	89	67	50	40	38	37	57	57	48	84	1281	180	122	2042	870	242	21462
ES2_48_Control-lipid_14_2 - Adapter 1	10352574	3395635	1046784	158985	51558	6117	1300	535	736	998	944	561	572	533	297	489	584	262	428	229	314	281	299	293	247	163	193	142	151	121	185	115	129	73	85	51	53	45	39	43	48	28	30	16	28	18	45	12	24	308
ES30_Blue-098_Control-lipid_21_1 - Adapter 1	7388239	2341823	514427	92286	22232	1540	481	386	544	625	704	365	309	367	343	303	382	303	246	272	279	253	233	234	219	194	172	176	184	118	117	118	111	95	55	49	35	57	26	36	34	31	32	88	25	39	710	1230	165	1673
ES30_Blue-098_Control-lipid_21_2 - Adapter 1	8154711	2583670	807665	128803	43978	5920	1148	542	732	1065	995	592	543	589	371	450	583	288	556	182	309	260	315	376	250	222	240	166	162	146	106	120	122	93	48	51	51	62	32	41	26	26	24	9	23	11	27	17	13	64
ES31_Blue-055_NA_0_1 - Adapter 1	9425254	3017440	684526	107581	28901	1908	442	369	615	542	677	303	298	288	318	277	298	224	216	265	203	232	209	178	191	119	126	123	157	98	427	111	121	85	51	51	41	69	34	23	26	13	8	37	35	41	101	55	82	3137
ES31_Blue-055_NA_0_2 - Adapter 1	10441454	3675107	1065534	168814	64676	6629	1194	477	669	1046	1098	513	530	459	348	447	506	242	443	207	241	303	285	314	221	169	185	147	150	111	434	91	131	78	70	59	60	67	39	30	38	28	27	27	25	19	53	24	9	63
ES32_Blue-055_NA_14_1 - Adapter 1	9711688	3135431	676041	115871	30209	2071	521	528	702	736	783	375	364	417	345	357	424	310	269	288	258	241	323	231	261	204	215	188	170	145	485	136	111	119	75	60	57	50	32	37	41	13	22	35	24	47	98	54	152	6621
ES32_Blue-055_NA_14_2 - Adapter 1	10788014	3601707	1094194	175802	60560	8377	1703	651	851	1224	1064	676	604	589	402	534	690	252	548	201	316	312	386	400	269	266	274	211	174	265	388	125	103	111	83	68	64	53	36	36	36	23	23	11	24	12	55	29	20	91
ES33_101-LS_MG-lipid_0_1 - Adapter 1	9723390	3167624	684015	104907	25963	1684	399	407	558	564	663	262	281	258	270	267	280	216	191	227	202	181	190	160	180	125	146	151	135	95	216	88	81	64	56	38	27	43	31	29	55	26	43	92	41	46	761	377	298	14408
ES33_101-LS_MG-lipid_0_2 - Adapter 1	10706938	3649893	1049316	169658	67863	7390	1255	433	682	1019	956	441	437	417	309	411	484	230	448	166	213	243	303	279	203	182	198	146	134	154	193	98	105	78	46	51	35	57	43	30	51	21	36	30	36	13	72	22	11	181
ES34_101-LS_MG-lipid_14_1 - Adapter 1	9274027	3000570	665781	106363	27027	1769	531	462	563	624	584	312	355	328	321	300	365	239	246	272	231	230	235	201	174	173	166	160	152	117	138	107	109	98	60	45	34	32	31	21	47	11	23	114	29	47	327	117	51	2575
ES34_101-LS_MG-lipid_14_2 - Adapter 1	10108030	3493929	1040874	169549	59081	7009	1420	594	728	1121	1118	568	537	535	371	495	573	219	544	175	269	305	360	333	210	214	207	161	204	126	143	89	139	112	77	49	57	58	19	20	38	17	22	7	20	15	49	21	20	124
ES35_101-LS_MG-lipid_21_1 - Adapter 1	9426391	2988824	668263	108716	27067	1783	482	404	535	570	698	287	332	344	318	323	362	260	238	231	229	209	212	213	196	141	173	164	143	112	169	107	107	62	57	42	48	34	32	27	40	15	8	47	31	47	87	57	106	3514
ES35_101-LS_MG-lipid_21_2 - Adapter 1	10443527	3395779	1072824	168998	61593	6778	1292	528	727	1025	1110	550	540	512	367	605	547	286	504	207	283	292	344	352	219	189	211	180	168	152	165	122	101	98	60	56	41	55	29	21	47	16	16	7	35	15	61	21	14	66
ES36_AR17-21_MG-lipid_0_1 - Adapter 1	8665075	2751968	601186	96308	24789	1613	554	445	565	632	650	336	339	375	322	338	359	257	257	275	207	216	227	235	212	183	193	171	150	121	102	116	123	84	79	56	53	57	30	29	43	22	26	85	38	50	295	217	285	14543
ES36_AR17-21_MG-lipid_0_2 - Adapter 1	9714719	3194837	1004099	151483	52223	6417	1258	562	730	1021	1006	557	606	548	371	494	553	281	510	237	278	272	276	302	236	220	284	163	168	115	108	90	147	66	57	80	54	61	31	26	37	16	9	3	16	19	30	20	52	154
ES37_AR17-21_MG-lipid_14_1 - Adapter 1	9912891	3150860	704244	115110	27933	1882	483	430	629	703	757	361	358	392	320	370	418	322	229	307	234	231	244	240	251	216	207	205	157	158	207	146	110	101	94	50	47	64	54	52	76	25	27	39	38	50	100	58	198	8145
ES37_AR17-21_MG-lipid_14_2 - Adapter 1	10960642	3497723	1122874	171976	58028	7013	1509	597	758	1111	1039	635	574	576	336	569	654	282	537	224	307	284	330	399	246	225	238	174	142	198	166	167	122	70	73	62	57	97	52	36	54	28	21	12	27	27	65	24	17	140
ES38_AR17-21_MG-lipid_21_1 - Adapter 1	9138974	2869414	630214	107229	26361	1964	538	442	718	656	801	407	411	451	384	388	421	288	295	319	273	251	311	277	246	202	197	193	176	177	145	171	129	112	92	83	52	47	44	36	48	15	21	32	28	60	103	81	119	5170
ES38_AR17-21_MG-lipid_21_2 - Adapter 1	9939307	3226106	1005045	158018	55384	7181	1616	631	920	1147	1175	690	685	616	423	548	671	255	530	336	344	336	404	360	270	237	297	189	198	177	138	153	140	110	85	98	42	52	48	38	48	21	22	6	15	5	52	28	12	92
ES39_LD19-239_MG-lipid_14_1 - Adapter 1	9747520	3035724	669564	116297	29726	1860	580	466	664	751	791	424	391	406	353	390	431	316	299	291	280	227	289	289	259	206	231	212	208	154	168	147	142	145	115	63	61	69	38	39	53	27	43	167	31	89	1029	292	91	8010
ES39_LD19-239_MG-lipid_14_2 - Adapter 1	10556751	3310784	1027296	173719	56423	6103	1546	696	961	1302	1042	728	573	620	417	599	712	262	593	240	333	338	400	435	280	246	317	211	207	199	142	159	125	124	79	65	70	70	31	32	65	14	17	6	22	16	75	29	15	110
ES3_48_Control-lipid_21_1 - Adapter 1	8826108	2795106	608290	98713	25245	1736	583	492	646	640	712	364	370	408	327	388	355	330	279	336	268	248	283	252	244	185	169	178	154	141	249	133	135	93	80	59	28	53	35	44	55	11	26	33	21	62	97	76	221	11571
ES3_48_Control-lipid_21_2 - Adapter 1	9818392	3147444	980062	151820	49141	6068	1305	686	788	1033	1034	648	609	598	397	585	619	298	590	228	341	324	349	357	272	203	233	197	172	164	223	115	166	86	69	63	52	65	39	44	46	23	25	14	13	14	66	20	20	141
ES40_LD19-239_MG-lipid_21_1 - Adapter 1	11137342	3543325	766747	124865	32282	1984	676	511	752	881	863	474	505	518	429	397	479	327	339	408	332	304	347	333	273	245	257	251	213	165	165	179	154	145	92	64	64	59	41	47	64	19	12	30	21	71	93	57	107	5889
ES40_LD19-239_MG-lipid_21_2 - Adapter 1	12020184	3913641	1182915	195599	70740	7119	1568	736	1054	1478	1269	697	779	639	519	810	694	509	586	397	471	432	453	489	302	267	347	247	222	170	172	132	174	130	64	64	64	86	53	47	58	32	17	2	20	7	63	21	8	75
ES41_Blue-013_Control-protein_0_1 - Adapter 1	10536819	3193024	695196	111912	28576	1775	557	458	629	672	693	371	388	390	351	357	440	310	273	290	270	291	235	199	231	192	193	176	198	132	200	138	145	106	79	72	45	47	37	41	49	34	45	104	34	87	2953	1556	188	6821
ES41_Blue-013_Control-protein_0_2 - Adapter 1	11303134	3604608	1072612	179882	61814	6248	1344	621	830	1173	969	639	541	613	376	515	626	302	546	219	331	293	311	344	252	224	264	182	176	160	170	119	140	108	73	83	50	65	34	37	48	23	38	2	20	5	69	34	24	137
ES42_Blue-013_Control-protein_14_1 - Adapter 1	9479585	2869776	641603	110326	29523	1949	659	444	620	694	789	407	345	420	340	364	414	298	274	353	247	230	280	263	244	224	215	182	203	122	216	130	141	122	90	62	55	53	46	43	57	43	56	128	77	109	315	391	1115	54155
ES42_Blue-013_Control-protein_14_2 - Adapter 1	9979720	3246298	981002	166923	53169	5698	1502	653	846	1245	983	673	599	629	391	569	638	279	584	253	337	305	376	339	332	262	327	191	195	158	194	115	159	91	98	75	60	62	34	56	60	34	55	25	26	20	82	46	113	709
ES43_Blue-013_Control-protein_21_1 - Adapter 1	9973028	3149331	690253	113269	28322	1752	525	384	620	695	776	363	354	385	302	310	382	284	247	362	137	200	236	230	207	187	196	188	133	125	99	134	74	108	78	48	45	45	40	28	58	32	25	98	32	57	1227	438	109	5275
ES43_Blue-013_Control-protein_21_2 - Adapter 1	10745209	3420538	1060084	174859	60335	5676	1310	592	885	1160	1027	586	543	563	369	489	600	258	498	222	285	262	345	319	251	234	249	175	153	148	121	95	112	118	55	61	53	58	33	32	62	27	16	9	22	15	64	32	20	87
ES44_Blue-015_MG-lipid_0_1 - Adapter 1	10338911	3268149	722005	123503	32816	2060	596	484	748	800	822	419	414	445	392	348	452	363	280	321	277	250	273	300	224	223	198	232	174	155	199	159	128	103	78	75	48	60	64	44	49	33	45	280	87	100	846	416	347	17322
ES44_Blue-015_MG-lipid_0_2 - Adapter 1	11223888	3710432	1114629	190066	62683	7204	1626	677	929	1303	1150	692	706	678	453	586	697	358	627	233	346	345	384	438	251	241	283	239	173	152	205	145	127	93	99	75	65	59	50	37	57	26	24	8	24	28	70	27	25	275
ES45_Blue-015_MG-lipid_14_1 - Adapter 1	11340936	3664380	806474	131826	35196	2359	544	471	733	693	823	359	343	348	326	357	376	273	258	312	260	211	268	253	237	182	195	190	135	131	292	120	131	109	84	66	38	43	45	53	38	23	39	65	28	51	112	70	139	7117
ES45_Blue-015_MG-lipid_14_2 - Adapter 1	12061492	4174370	1239359	212678	75316	7029	1555	583	927	1234	1198	638	625	589	408	604	677	270	631	193	316	304	375	423	286	209	242	205	158	164	249	128	165	108	82	64	52	45	44	45	59	31	40	23	29	10	92	27	26	185
ES46_Blue-015_MG-lipid_21_1 - Adapter 1	10063671	3060846	692127	120734	31054	2141	656	581	737	805	950	451	451	541	463	509	470	389	315	420	347	321	382	348	306	275	221	243	203	156	153	147	152	151	97	79	48	45	44	48	58	14	18	36	38	47	122	74	102	6352
ES46_Blue-015_MG-lipid_21_2 - Adapter 1	10707062	3433824	1016608	183387	60086	6826	1533	822	1039	1543	1324	788	772	782	553	754	836	415	709	292	462	411	497	453	409	362	339	243	232	171	165	141	181	158	100	60	73	74	44	57	49	30	33	5	24	9	49	24	11	64
ES47_Blue-45_MG-protein_0_1 - Adapter 1	9099116	2889802	640643	110106	27712	1852	562	434	682	684	717	368	382	401	316	371	409	314	273	342	275	218	239	232	221	189	192	213	162	136	634	137	160	143	95	100	62	64	54	53	49	66	158	1472	311	157	1569	1029	801	45260
ES47_Blue-45_MG-protein_0_2 - Adapter 1	9649388	3207487	969290	159177	55580	6112	1548	579	849	1223	986	600	624	547	400	607	666	270	596	212	296	320	321	365	268	244	243	230	186	273	491	124	147	110	116	69	100	34	45	45	45	34	60	33	28	15	59	45	28	583
ES48_Blue-45_MG-protein_14_1 - Adapter 1	9311985	3001376	660653	112697	29414	1930	523	484	621	650	716	338	336	361	346	316	375	267	263	293	226	189	200	214	213	186	168	151	134	127	223	107	128	95	65	73	50	44	34	40	46	43	48	351	74	102	1179	396	198	15391
ES48_Blue-45_MG-protein_14_2 - Adapter 1	10154580	3398905	1021908	167031	56804	7091	1499	547	840	1161	1103	601	575	579	399	555	634	259	515	229	301	282	292	385	254	177	210	191	143	201	140	139	122	98	61	69	66	35	33	23	48	20	27	7	35	13	48	15	20	133
ES49_Blue-024_Control-protein_0_1 - Adapter 1	9201427	2888390	624955	97355	23695	1507	452	395	581	555	656	287	349	298	323	325	329	265	215	279	233	199	216	237	220	161	180	154	145	126	143	98	97	87	60	48	53	29	29	20	42	14	14	27	22	19	79	54	146	6376
ES49_Blue-024_Control-protein_0_2 - Adapter 1	10227161	3258990	979542	153522	55580	6368	1219	528	681	1010	960	509	558	516	354	481	538	224	509	182	257	271	275	340	233	182	228	149	167	133	150	87	146	62	62	64	48	44	33	16	36	15	9	5	21	14	34	18	14	94
ES4_164_Control-protein_0_1 - Adapter 1	9320488	2882879	629855	98377	27004	1678	504	455	570	642	643	352	382	347	310	292	388	298	229	279	250	228	239	197	235	166	178	165	179	132	211	133	135	100	80	66	61	42	35	37	60	34	39	62	37	84	320	399	566	16862
ES4_164_Control-protein_0_2 - Adapter 1	10366161	3298972	1029464	172213	57119	5785	1320	592	731	1062	930	558	607	574	337	425	621	283	513	183	285	289	310	334	248	196	226	146	195	127	222	119	134	99	91	54	61	45	31	29	46	24	41	10	14	6	54	29	34	199
ES50_Blue-024_Control-protein_14_1 - Adapter 1	8287315	2565004	562622	89496	21898	1566	492	393	588	568	689	318	321	345	334	361	388	254	277	272	235	201	266	248	202	198	198	160	180	111	162	122	139	205	74	112	101	101	85	43	273	63	107	860	411	117	1618	1388	382	14821
ES50_Blue-024_Control-protein_14_2 - Adapter 1	9305575	2906842	947496	142307	47702	6051	1194	628	652	964	960	584	552	573	411	500	607	262	581	203	283	277	330	324	242	194	245	173	156	144	130	120	114	174	80	103	89	77	64	23	251	22	15	58	26	126	52	44	74	1224
ES51_Blue-024_Control-protein_21_1 - Adapter 1	7876676	2505756	542504	86894	21108	1459	441	398	596	575	580	336	334	349	305	301	336	252	230	272	251	238	198	206	221	185	145	141	144	112	192	122	100	91	69	68	41	42	37	23	47	25	8	64	21	47	211	136	207	6282
ES51_Blue-024_Control-protein_21_2 - Adapter 1	8790501	2859385	908211	133682	46633	6043	1197	547	655	969	935	573	541	582	341	422	575	247	441	213	332	250	288	324	242	194	219	140	165	117	173	109	95	75	87	55	54	45	21	16	35	17	14	12	13	6	22	15	12	114
ES52_SEM19-1481_MG-lipid_14_1 - Adapter 1	9500524	3037775	651339	105471	27033	1774	551	481	672	684	855	395	357	460	404	384	429	346	274	338	304	250	314	287	247	215	236	169	197	152	189	146	146	109	76	58	63	53	45	53	39	34	27	81	45	57	406	304	264	12322
ES52_SEM19-1481_MG-lipid_14_2 - Adapter 1	10458612	3298114	1036654	180226	54453	5418	1502	657	877	1205	1044	677	646	620	498	557	639	329	586	251	329	320	396	397	290	271	310	157	191	158	169	107	157	121	86	65	51	57	41	23	47	16	9	16	16	9	40	24	16	190
ES53_SEM19-74_MG-protein_0_1 - Adapter 1	8532839	2715580	604699	96533	24043	1638	396	332	486	568	571	264	280	316	247	253	283	211	189	200	198	173	176	170	186	145	143	130	135	105	199	90	79	66	61	69	43	49	59	39	53	41	72	683	256	74	410	471	793	33705
ES53_SEM19-74_MG-protein_0_2 - Adapter 1	9589030	3074036	992498	150733	49083	5440	1114	438	655	886	922	446	480	473	310	394	487	200	395	151	215	238	226	303	184	173	178	137	128	96	191	97	113	75	56	62	58	60	49	41	62	19	37	9	20	16	55	22	27	443
ES54_SEM19-74_MG-protein_14_1 - Adapter 1	8953276	2836742	633159	100944	24917	1668	375	343	509	564	583	245	270	291	268	257	295	228	239	232	61	173	183	187	175	136	146	100	124	93	104	76	84	85	45	34	33	39	18	17	28	12	30	160	41	59	384	141	72	3703
ES54_SEM19-74_MG-protein_14_2 - Adapter 1	9974473	3179162	1034060	155604	52063	5485	1100	474	609	1047	885	507	428	442	311	425	519	218	391	154	201	244	288	292	180	164	177	106	139	100	108	68	106	85	39	29	41	45	14	22	32	10	28	8	32	5	52	17	15	88
ES55_SEM19-74_MG-protein_21_1 - Adapter 1	8062517	2466841	556976	92474	23518	1495	373	295	461	483	547	215	249	226	211	221	267	201	188	196	185	154	184	188	167	135	112	115	100	92	98	71	99	64	50	33	38	48	24	22	37	35	38	163	31	69	1263	378	133	11648
ES55_SEM19-74_MG-protein_21_2 - Adapter 1	8865060	2784780	880234	134455	47076	5319	996	434	589	856	882	418	373	367	258	390	421	223	381	155	234	231	252	297	184	170	178	115	109	107	113	66	115	60	55	41	71	49	22	12	39	15	22	15	26	16	51	18	11	156
ES56_Blue-050_Control-lipid_21_1 - Adapter 1	9813121	3171298	700796	104623	27369	1847	862	560	605	665	688	372	417	428	351	344	431	348	319	310	279	259	271	271	254	190	236	189	182	136	168	130	110	90	68	60	37	40	38	38	56	27	28	94	40	77	638	230	137	5883
ES56_Blue-050_Control-lipid_21_2 - Adapter 1	11284019	3526679	1260660	155150	49120	6815	1668	605	825	1110	1123	609	631	649	368	533	689	298	644	212	340	322	374	393	293	242	264	181	210	155	138	123	116	90	71	66	56	54	33	21	41	16	14	12	25	7	28	14	14	86
ES57_Blue-031_MG-lipid_0_1 - Adapter 1	10736984	3427989	751666	116116	29855	1938	586	457	668	678	744	414	372	379	353	410	410	322	252	326	215	244	244	266	267	194	166	157	156	142	255	149	131	113	77	64	61	72	47	49	53	19	19	30	17	50	92	56	121	4088
ES57_Blue-031_MG-lipid_0_2 - Adapter 1	11962509	3991502	1244268	190526	71248	7741	1393	651	881	1233	1186	690	636	622	392	583	679	316	588	233	275	320	365	422	261	199	262	166	194	210	189	162	126	104	87	70	55	55	46	27	44	17	31	12	21	12	76	32	22	129
ES58_Blue-032_MG-protein_0_1 - Adapter 1	10422746	3265486	703877	116714	30754	2158	647	545	683	822	841	491	449	530	447	477	526	415	375	386	314	280	296	322	325	260	242	213	236	160	423	189	154	128	90	97	72	69	70	57	40	35	28	67	30	37	159	129	254	8434
ES58_Blue-032_MG-protein_0_2 - Adapter 1	11478032	3640334	1171981	172997	61379	7683	1626	739	976	1360	1353	816	737	792	518	706	885	357	794	268	382	392	366	446	353	288	347	209	258	216	384	167	187	128	102	79	91	86	53	54	45	37	32	31	24	14	82	33	25	159
ES59_Blue-032_MG-protein_14_1 - Adapter 1	9906171	3122234	695189	114594	27532	1839	554	446	597	650	776	350	342	352	336	341	383	302	267	282	254	231	237	251	206	175	220	176	188	110	155	112	104	102	79	57	52	45	54	39	46	40	68	612	130	110	2012	778	410	24650
ES59_Blue-032_MG-protein_14_2 - Adapter 1	11008468	3506183	1133974	173130	59636	7337	1463	619	892	1192	1195	612	574	573	374	486	617	294	536	220	326	307	356	357	239	201	241	182	214	128	147	100	115	114	78	49	63	60	45	40	51	23	16	8	30	27	63	38	34	333
ES5_164_Control-protein_14_1 - Adapter 1	8798911	2750647	596349	99535	27346	1772	628	450	624	708	687	408	377	424	370	391	447	316	269	319	267	246	247	265	244	220	198	183	175	149	229	121	139	89	75	67	39	47	57	32	63	20	26	69	31	61	161	228	534	28026
ES5_164_Control-protein_14_2 - Adapter 1	9623186	3087107	956980	158672	55026	5902	1545	647	809	1181	1029	615	662	576	449	589	729	284	599	221	325	342	343	414	251	234	263	185	186	136	257	128	120	87	61	63	63	45	34	32	53	19	21	12	17	12	54	19	24	305
ES60_Blue-032_MG-protein_21_1 - Adapter 1	9078805	2798324	611531	103407	24651	1710	517	452	661	678	744	407	398	420	356	381	381	314	254	316	246	219	244	283	242	214	240	203	171	132	481	164	134	111	75	92	52	59	50	45	48	17	24	40	21	42	90	59	189	6621
ES60_Blue-032_MG-protein_21_2 - Adapter 1	9963516	3138252	1008982	153970	53647	6474	1328	645	846	1163	1130	683	603	651	379	540	654	267	550	229	335	297	330	397	254	240	318	207	180	250	311	169	123	106	61	76	74	73	46	44	53	22	25	16	17	18	67	25	16	111
ES61_Blue-035_MG-protein_0_1 - Adapter 1	8135948	2618517	576351	96122	24523	1619	537	404	625	628	654	353	387	409	355	362	394	310	275	291	298	246	278	236	247	199	209	175	175	125	235	130	134	99	88	67	54	58	34	64	54	47	53	200	46	96	2620	905	148	9502
ES61_Blue-035_MG-protein_0_2 - Adapter 1	8913820	2905701	900169	147541	50316	5166	1399	595	852	1209	1083	658	611	630	390	566	687	241	617	222	282	321	377	518	269	182	194	219	136	235	128	143	98	94	67	68	53	70	48	43	31	19	35	6	30	16	57	19	23	202
ES62_Blue-035_MG-protein_14_1 - Adapter 1	9320148	2951054	639788	107993	27567	1930	582	497	721	824	838	452	458	480	414	481	524	357	330	397	313	276	318	308	267	235	204	224	218	147	195	172	155	121	87	68	46	45	32	64	56	20	28	102	48	87	303	176	226	10247
ES62_Blue-035_MG-protein_14_2 - Adapter 1	10290515	3320554	1011458	161386	55018	6127	1513	688	941	1279	1229	715	788	656	494	666	748	407	688	285	404	342	402	488	274	262	296	237	245	169	189	151	167	116	90	57	66	51	39	35	60	13	22	5	26	14	55	16	18	119
ES63_Blue-035_MG-protein_21_1 - Adapter 1	8502330	2702257	590082	98465	25589	1756	558	536	683	748	811	457	439	511	428	462	461	356	330	407	361	291	315	286	279	218	247	199	162	156	155	157	139	105	71	63	59	46	38	37	66	27	35	156	46	121	1222	869	93	4605
ES63_Blue-035_MG-protein_21_2 - Adapter 1	9430190	3031868	944385	151937	49059	5848	1426	722	926	1189	1134	758	723	709	505	616	726	325	679	288	397	368	403	433	291	273	363	193	185	188	131	131	187	102	47	60	82	41	29	37	50	29	15	12	33	18	33	19	14	136
ES64_SEM19-1481_MG-lipid_21_1 - Adapter 1	9592687	3094765	652238	103848	28496	1800	578	447	650	746	763	387	397	431	368	405	430	307	292	339	317	256	312	228	245	190	223	211	201	129	228	148	115	117	80	56	48	43	67	42	46	26	55	254	46	98	2229	1451	160	8141
ES64_SEM19-1481_MG-lipid_21_2 - Adapter 1	10602294	3476236	1070914	187820	56663	5561	1550	608	847	1188	1052	633	681	623	410	611	676	354	622	262	375	343	375	381	281	231	305	181	216	152	225	125	115	104	73	63	59	53	61	27	52	20	37	15	23	8	54	19	19	193
ES65_106_NA_0_1 - Adapter 1	9239429	2987959	642451	103689	26994	1724	554	530	639	710	641	367	415	412	320	376	393	311	259	316	274	235	267	244	258	215	222	158	181	124	246	160	131	104	107	120	90	54	72	43	73	38	60	122	57	77	876	424	327	13530
ES65_106_NA_0_2 - Adapter 1	10416151	3352007	1064172	160092	53551	6683	1408	671	911	1110	1077	624	657	586	381	531	673	288	593	225	329	286	370	426	245	209	264	186	165	173	214	139	130	85	92	102	78	68	79	61	58	27	36	16	26	21	69	28	21	190
ES66_617_Control-protein_14_1 - Adapter 1	8991063	2753067	616952	97322	25096	1670	458	423	557	617	684	344	318	320	308	305	355	279	273	282	232	219	234	226	218	186	189	165	159	138	175	145	95	97	84	39	49	48	43	28	36	24	18	43	16	35	84	83	189	7059
ES66_617_Control-protein_14_2 - Adapter 1	10107144	3187592	1044136	157179	53060	5817	1133	585	714	986	1041	574	565	528	346	508	573	244	560	212	300	313	323	318	257	247	271	152	202	139	198	120	111	77	75	51	64	61	17	22	43	28	14	9	21	15	43	31	19	111
ES67_Blue-037_MG-protein_0_1 - Adapter 1	9273677	2811081	604566	105757	27172	1842	662	608	811	824	880	492	490	519	501	492	497	445	352	414	386	275	356	385	326	259	285	252	266	172	247	195	166	153	125	113	79	67	82	49	47	20	30	47	33	63	109	84	289	12044
ES67_Blue-037_MG-protein_0_2 - Adapter 1	9917977	3078433	954480	156420	52398	6339	1567	878	1073	1263	1201	825	693	814	593	743	804	395	718	345	447	390	456	468	337	313	449	261	267	196	231	173	133	139	139	96	70	66	55	29	57	33	22	8	41	11	48	35	33	171
ES68_Blue-037_MG-protein_14_1 - Adapter 1	8190669	2541825	555206	99500	25656	1796	574	477	689	735	744	387	447	487	403	367	462	317	269	334	299	289	285	311	260	206	241	206	195	143	377	166	122	126	103	65	52	56	52	57	70	39	34	90	44	96	340	276	352	11598
ES68_Blue-037_MG-protein_14_2 - Adapter 1	8928402	2809687	887280	146648	45819	5293	1526	665	857	1149	1040	680	692	684	444	492	720	296	584	204	388	322	375	429	287	247	318	188	216	214	299	135	114	131	73	59	69	66	39	50	40	15	16	8	22	16	48	36	22	167
ES69_Blue-037_MG-protein_21_1 - Adapter 1	8926716	2684340	582856	104218	28293	2041	717	599	824	864	900	532	502	550	476	484	589	418	376	458	393	355	404	348	364	293	285	301	236	166	203	191	161	167	92	70	66	58	47	56	51	14	22	38	36	70	119	53	168	7252
ES69_Blue-037_MG-protein_21_2 - Adapter 1	9592216	3008934	932371	158917	50007	6120	1679	869	1006	1398	1252	882	799	814	559	708	879	419	825	301	442	450	536	541	381	362	352	304	254	217	167	213	143	121	97	80	69	59	45	42	55	19	19	12	38	16	62	26	15	125
ES6_164_Control-protein_21_1 - Adapter 1	8814099	2718284	588992	104979	27621	1805	711	586	685	774	842	459	467	462	441	446	507	354	344	372	341	308	312	343	279	243	257	229	213	160	268	179	142	131	106	96	77	46	58	58	64	43	41	260	64	113	1912	4758	1074	3954
ES6_164_Control-protein_21_2 - Adapter 1	9428606	3052219	937663	155825	50513	5833	1824	793	1053	1296	1204	725	799	792	502	665	777	373	704	258	421	390	462	439	315	305	361	233	235	230	228	145	137	124	71	84	93	57	46	38	48	28	24	8	30	25	54	20	29	152
ES70_Blue-039_Control-lipid_0_1 - Adapter 1	11162147	3580394	783382	128802	33181	2373	729	611	721	849	822	476	448	478	430	461	503	393	345	395	330	314	331	339	295	241	269	273	215	186	317	165	158	119	91	73	51	71	36	51	65	20	35	57	43	52	126	98	326	13999
ES70_Blue-039_Control-lipid_0_2 - Adapter 1	12555393	4089714	1341536	198014	67441	9014	1726	826	1088	1488	1510	821	769	802	498	710	822	435	759	339	430	412	492	516	343	319	395	240	281	171	310	149	177	119	75	77	85	70	42	45	63	26	49	16	29	32	67	39	32	245
ES71_Blue-039_Control-lipid_14_1 - Adapter 1	8190053	2548646	560959	92805	23320	1552	483	406	508	620	675	356	359	328	314	330	362	276	266	272	249	209	271	231	245	191	178	158	175	117	197	124	130	108	56	63	40	65	37	38	52	22	23	57	23	56	188	182	169	6018
ES71_Blue-039_Control-lipid_14_2 - Adapter 1	9034182	2897484	927197	142662	50042	6355	1216	604	726	1099	1144	629	553	487	343	548	611	265	535	208	311	274	350	316	294	221	291	137	200	144	199	114	153	109	66	62	50	59	25	37	52	27	29	9	21	18	53	23	17	112
ES72_Blue-039_Control-lipid_21_1 - Adapter 1	9036198	2800836	610480	101643	24983	1680	517	463	635	694	731	378	379	461	397	397	408	291	281	331	250	241	301	272	220	200	212	224	179	141	226	147	130	101	105	90	54	60	44	46	55	17	25	51	27	68	468	369	382	16682
ES72_Blue-039_Control-lipid_21_2 - Adapter 1	10106469	3172236	1025449	154253	54813	7159	1290	635	782	1151	1217	633	596	625	447	560	683	240	605	238	320	333	365	361	246	229	288	202	208	172	186	146	118	90	98	84	57	85	31	23	44	26	19	10	14	6	56	20	17	228
ES73_Blue-042_MG-protein_0_1 - Adapter 1	10975951	3509549	762822	123660	32699	2048	596	529	753	734	813	425	448	410	362	434	464	358	320	359	295	245	308	281	284	216	224	208	179	123	254	151	115	106	83	81	48	74	45	56	67	18	32	57	30	111	150	119	220	8393
ES73_Blue-042_MG-protein_0_2 - Adapter 1	12336326	3937158	1285099	191835	67670	7873	1658	716	907	1353	1384	691	678	647	448	622	714	320	612	275	362	334	364	440	313	256	316	208	186	175	201	150	85	93	83	83	72	62	31	40	58	23	25	17	24	15	62	21	21	155
ES74_Blue-042_MG-protein_14_1 - Adapter 1	10528534	3263023	726729	123106	31721	1941	545	445	674	694	752	351	332	457	316	356	381	297	257	284	257	212	236	208	238	166	175	160	150	103	256	157	126	103	96	75	63	57	52	58	75	69	98	490	107	154	4408	6669	887	11716
ES74_Blue-042_MG-protein_14_2 - Adapter 1	11672528	3717278	1193792	187610	61851	7868	1424	624	812	1262	1155	543	502	572	379	545	629	282	550	193	297	274	346	319	232	185	246	173	149	142	235	123	139	81	64	76	70	58	63	60	100	61	78	49	40	26	66	20	61	243
ES75_Blue-042_MG-protein_21_1 - Adapter 1	9873722	3128307	685768	111250	28208	1757	469	393	641	668	682	304	305	300	341	279	353	266	239	271	221	224	201	193	190	165	139	152	144	111	157	102	106	93	56	41	61	41	32	39	63	16	41	78	31	84	1019	355	179	8642
ES75_Blue-042_MG-protein_21_2 - Adapter 1	11118600	3609498	1180132	175330	62760	7216	1301	539	731	1110	1103	564	531	514	371	470	570	234	496	181	245	254	299	322	249	194	250	161	143	147	137	97	135	89	77	43	32	53	22	51	49	20	34	9	25	13	79	27	21	167
ES76_Blue-043_MG-lipid_0_1 - Adapter 1	8694211	2750388	593019	97566	25290	1791	533	445	636	711	747	376	371	409	334	405	410	302	261	335	230	248	267	237	240	189	210	168	157	117	189	109	119	98	55	56	37	65	45	29	51	24	31	70	34	56	344	259	376	12924
ES76_Blue-043_MG-lipid_0_2 - Adapter 1	9429192	3063486	965059	153363	49051	5337	1357	635	813	1135	861	621	596	550	341	550	635	278	513	217	327	295	345	284	288	239	297	159	178	141	203	88	135	80	75	61	50	70	45	29	59	15	24	14	23	20	64	19	23	259
ES77_Blue-043_MG-lipid_14_1 - Adapter 1	9768727	3121100	686724	118189	31867	2071	656	519	742	760	814	384	403	439	386	328	471	313	273	304	303	260	257	266	248	180	224	211	167	124	215	143	124	107	86	78	39	53	54	37	74	43	38	98	42	61	307	373	606	28543
ES77_Blue-043_MG-lipid_14_2 - Adapter 1	10449010	3428570	1057290	176553	54012	6131	1565	701	916	1249	1032	667	630	616	423	544	767	300	539	214	325	367	390	388	279	227	308	184	192	167	220	134	158	99	76	83	65	65	40	38	81	68	49	36	42	13	87	38	65	212
ES78_Blue-043_MG-lipid_21_1 - Adapter 1	10744830	3377008	741364	129089	33869	2456	767	585	883	928	949	513	545	550	478	537	555	455	373	451	325	327	373	321	355	258	279	235	237	193	282	196	167	126	86	94	60	44	62	50	76	17	26	41	28	52	121	69	190	10471
ES78_Blue-043_MG-lipid_21_2 - Adapter 1	11427393	3741174	1142612	187905	58868	6966	1943	895	1175	1613	1307	855	815	803	577	843	848	481	692	384	474	469	466	489	397	323	360	219	256	237	238	153	204	106	128	82	90	44	55	29	64	32	25	8	39	19	80	31	21	173
ES79_Blue-050_Control-lipid_0_1 - Adapter 1	8273484	2613566	583593	91395	23672	1671	646	447	646	674	708	403	401	393	392	343	400	302	298	373	298	224	256	294	249	200	218	203	207	145	197	148	114	102	88	50	59	37	43	50	53	15	26	79	29	56	557	208	94	7036
ES79_Blue-050_Control-lipid_0_2 - Adapter 1	9248807	2843276	996984	131827	39959	5578	1410	631	857	1216	1026	667	648	634	402	576	648	267	628	215	301	295	336	403	249	249	269	192	202	180	156	148	116	105	90	64	71	41	37	28	34	8	28	13	24	14	33	14	19	91
ES7_SEM19-1354_Control-protein_14_1 - Adapter 1	9202168	2854468	639869	99156	25739	1612	481	383	566	598	623	355	294	287	296	287	359	249	215	269	228	210	202	193	207	141	157	163	147	124	159	111	102	105	82	55	56	27	51	44	52	22	26	101	34	52	634	265	131	7475
ES7_SEM19-1354_Control-protein_14_2 - Adapter 1	10027353	3255660	1013897	163395	56629	5062	1120	507	748	1024	955	543	527	443	351	505	573	257	445	225	278	281	286	277	239	192	253	151	154	136	164	117	138	79	87	69	69	38	49	41	40	14	33	15	26	13	45	22	12	138
ES80_Blue-050_Control-lipid_14_1 - Adapter 1	8779449	2759486	618694	93571	24282	1598	676	404	560	594	590	348	351	287	296	290	344	243	212	274	233	195	187	217	202	175	164	166	143	108	220	109	109	87	70	52	42	64	42	20	53	13	25	28	15	63	272	144	155	5412
ES80_Blue-050_Control-lipid_14_2 - Adapter 1	10150954	3155061	1109526	140441	42671	5802	1260	532	725	996	1071	613	527	487	315	438	556	226	503	190	275	247	285	317	229	202	208	177	157	180	170	98	99	73	62	46	42	76	29	22	27	9	22	14	16	16	49	26	10	98
ES81_Blue-047_Control-lipid_0_1 - Adapter 1	9257887	2961831	636647	103023	26177	1663	440	403	587	613	672	344	306	320	296	269	365	258	213	257	224	195	222	185	207	178	183	129	120	105	128	92	94	93	50	66	30	55	39	44	53	33	49	157	35	107	1362	3253	1029	3564
ES81_Blue-047_Control-lipid_0_2 - Adapter 1	10424692	3339045	1110277	160704	57124	6582	1168	526	716	1012	1073	558	485	485	315	505	557	230	461	179	280	265	294	258	245	190	240	99	164	86	143	96	111	59	51	66	36	49	22	48	40	22	22	16	21	11	39	19	29	145
ES82_Blue-047_Control-lipid_14_1 - Adapter 1	5635443	2008056	394443	56545	15820	1179	461	320	500	505	547	363	408	369	373	350	408	262	241	292	236	239	242	263	204	203	164	189	154	154	217	115	137	101	100	74	73	43	47	26	59	9	17	34	25	46	51	36	244	5473
ES82_Blue-047_Control-lipid_14_2 - Adapter 1	6712939	2229327	725785	93724	36675	4718	1074	539	576	770	825	522	580	518	353	484	567	238	521	173	256	287	292	322	233	191	237	169	167	173	187	108	141	97	85	61	73	48	45	19	50	18	22	14	11	11	49	18	26	93
ES83_SEM19-1481_MG-lipid_0_1 - Adapter 1	9667505	3112557	667140	105785	27758	1839	567	520	655	676	822	388	437	465	389	369	419	344	287	312	279	255	274	295	248	222	202	186	180	137	293	125	138	104	101	91	56	75	55	36	34	29	38	48	30	58	106	94	204	5789
ES83_SEM19-1481_MG-lipid_0_2 - Adapter 1	10857318	3483791	1149404	190315	54669	5539	1572	626	844	1079	1081	567	779	655	465	587	661	318	597	231	329	328	348	383	289	248	277	161	202	153	300	120	160	100	107	69	72	82	47	24	45	32	44	14	38	15	61	26	9	118
ES84_LD19-239_MG-lipid_0_1 - Adapter 1	9860900	3033062	658724	108452	28832	1824	607	479	637	736	723	390	427	448	431	408	431	350	258	294	313	229	282	273	273	205	195	199	176	132	275	149	128	127	102	97	71	84	45	42	64	33	39	133	32	98	1849	822	147	6474
ES84_LD19-239_MG-lipid_0_2 - Adapter 1	10785660	3411096	1107818	172957	57941	5921	1421	714	852	1321	1008	684	611	683	453	584	735	324	635	236	317	321	386	403	295	231	266	184	206	207	194	147	128	130	108	55	89	83	64	40	55	24	25	14	18	14	58	23	23	186
ES85_orange-24_Control-protein_0_1 - Adapter 1	9188712	2936679	641833	106567	28902	2105	665	667	786	866	888	516	460	515	495	471	492	414	342	430	354	341	347	325	288	277	252	246	208	159	177	140	143	129	79	83	51	73	51	55	86	62	52	214	74	132	1566	1029	768	30906
ES85_orange-24_Control-protein_0_2 - Adapter 1	10209211	3380568	1070013	164954	56245	6856	1648	853	1054	1351	1212	836	797	846	534	686	838	395	675	339	540	405	478	500	319	325	386	246	211	220	153	157	130	99	93	70	86	63	68	31	45	29	22	11	19	19	74	38	121	1278
ES86_orange-24_Control-protein_14_1 - Adapter 1	7308546	2329344	506431	82983	22215	1580	510	461	645	641	747	409	423	465	344	341	393	286	274	311	286	239	287	240	215	186	188	167	174	123	286	141	142	99	93	75	53	74	50	40	46	18	42	38	45	48	84	86	350	21394
ES86_orange-24_Control-protein_14_2 - Adapter 1	8030040	2632937	835352	126140	44925	5141	1240	644	810	955	1050	640	665	659	396	537	629	290	580	215	374	351	316	374	257	212	252	156	187	161	248	117	148	117	81	53	66	40	70	39	37	21	32	18	17	19	42	28	19	301
ES87_orange-24_Control-protein_21_1 - Adapter 1	8930761	2849645	622985	103987	27626	1915	657	541	766	768	815	462	419	462	385	450	437	349	306	351	290	285	278	281	255	221	217	226	197	161	443	151	144	108	108	137	69	76	94	107	118	496	450	2969	685	775	17883	5072	2518	159252
ES87_orange-24_Control-protein_21_2 - Adapter 1	9975306	3286240	1042355	157044	55563	6503	1524	785	899	1182	1169	743	717	679	455	632	735	366	546	333	425	364	416	373	322	263	353	199	287	220	772	205	153	127	69	90	47	74	28	37	88	30	52	37	44	45	142	150	386	8179
ES88_610_MG-protein_0_1 - Adapter 1	9896162	3204504	689437	116344	30669	2012	507	443	667	666	677	347	345	330	290	335	395	258	258	254	255	224	218	230	203	186	153	164	145	120	133	127	83	97	79	51	35	49	32	32	52	19	28	29	32	72	188	98	133	4542
ES88_610_MG-protein_0_2 - Adapter 1	10893562	3679483	1148502	177125	69482	7496	1446	588	902	1169	1083	583	612	547	342	474	594	271	515	215	312	274	327	366	255	195	224	163	178	99	168	100	116	89	54	44	54	60	45	29	34	22	20	11	26	9	50	22	16	74
ES89_Blue-049_Control-protein_0_1 - Adapter 1	26018	4643	1446	274	95	24	31	21	27	42	22	19	30	32	19	21	22	18	36	16	7	19	14	17	13	21	42	30	40	33	1819	119	262	126	128	354	138	169	130	157	100	166	302	1543	469	369	3552	2608	4444	167970
ES89_Blue-049_Control-protein_0_2 - Adapter 1	86727	4542	2000	400	126	52	15	17	15	26	22	16	10	10	9	8	6	6	13	5	5	4	7	15	3	8	25	36	41	255	1530	165	147	77	184	284	229	156	44	76	64	12	112	59	27	43	82	191	370	4508
ES8_SEM19-1354_Control-protein_21_1 - Adapter 1	9628104	3036778	672437	109055	28807	1856	585	469	690	673	765	412	361	430	343	332	409	314	253	335	282	247	286	228	242	185	216	169	166	148	199	120	119	105	103	59	60	64	39	39	63	27	28	65	22	60	120	128	277	13889
ES8_SEM19-1354_Control-protein_21_2 - Adapter 1	10491031	3375204	1055277	170599	56321	5580	1306	576	839	1192	981	664	615	583	409	530	736	271	521	249	314	280	347	357	247	211	307	174	183	170	190	113	137	88	78	81	68	55	33	42	47	28	23	18	20	6	66	18	15	108
ES90_Blue-049_Control-protein_14_1 - Adapter 1	9110692	2848883	628264	103615	27059	1690	595	448	598	638	697	415	401	392	344	399	414	307	276	288	271	247	238	248	239	237	193	200	145	155	126	127	109	86	104	53	39	61	38	36	51	31	16	52	25	69	168	126	152	6054
ES90_Blue-049_Control-protein_14_2 - Adapter 1	10249942	3252870	1086434	158978	58960	7178	1261	578	767	1096	1124	681	642	597	390	519	688	292	571	221	309	327	311	369	277	253	273	153	168	145	153	117	120	102	89	56	45	58	26	31	37	18	20	9	14	13	38	19	16	103
ES91_Blue-049_Control-protein_21_1 - Adapter 1	8775767	2747272	599369	97578	24148	1518	477	359	570	606	698	344	334	344	315	338	375	284	211	285	223	232	259	250	208	193	184	168	145	107	163	132	122	86	59	62	77	47	36	36	46	38	46	241	91	103	776	560	667	27861
ES91_Blue-049_Control-protein_21_2 - Adapter 1	9901873	3139584	1056059	150895	53705	6289	1186	550	727	1066	1009	579	552	533	407	496	626	279	533	206	261	299	353	339	246	214	269	149	166	111	199	132	108	76	59	78	62	59	20	26	44	16	13	18	30	18	43	35	32	434
ES92_SEM19-76_MG-lipid_0_1 - Adapter 1	10249232	3193130	705954	108346	29399	1883	500	405	538	613	656	289	245	277	274	276	336	230	229	210	191	171	212	212	156	183	162	130	149	88	183	106	100	86	57	40	35	41	34	42	59	31	56	321	99	87	484	333	333	16186
ES92_SEM19-76_MG-lipid_0_2 - Adapter 1	11695240	3680353	1233978	188279	71101	5837	1178	481	685	983	990	446	532	467	313	456	573	211	458	181	237	244	283	291	184	192	204	126	167	104	179	97	105	80	53	61	34	35	26	29	31	14	25	6	20	9	44	26	17	244
ES93_SEM19-76_MG-lipid_14_1 - Adapter 1	9849530	3139486	683187	115797	30366	2109	677	614	832	877	964	478	509	481	433	493	507	434	372	404	356	277	346	359	330	282	259	259	232	159	260	164	178	110	121	72	55	47	51	51	86	26	34	62	36	96	226	190	257	9372
ES93_SEM19-76_MG-lipid_14_2 - Adapter 1	10981995	3512052	1194881	171601	59400	6750	1845	798	992	1384	1186	767	786	771	513	730	882	374	754	306	424	407	432	524	358	322	379	275	217	228	206	180	115	89	110	64	55	79	40	32	44	35	36	11	20	17	54	25	59	153
ES94_SEM19-76_MG-lipid_21_1 - Adapter 1	10571805	3196274	723116	115187	29183	2034	514	444	577	657	847	377	400	362	319	373	399	333	251	304	268	221	248	217	226	193	179	148	184	120	146	126	102	101	65	58	51	51	24	41	67	61	53	418	51	93	2321	4125	557	7038
ES94_SEM19-76_MG-lipid_21_2 - Adapter 1	11630637	3665067	1197256	187791	67216	6086	1303	601	825	1178	1108	658	602	621	347	542	679	292	566	225	308	294	343	310	257	232	272	166	187	118	176	107	141	81	60	83	58	61	21	22	47	27	20	4	24	15	56	28	20	200
ES95_610_MG-protein_14_1 - Adapter 1	10179705	3292652	725747	125883	32466	2352	638	572	822	818	850	424	450	505	397	422	479	372	272	354	293	280	330	287	303	245	231	218	184	140	160	155	131	113	116	69	66	52	34	39	82	29	18	72	31	104	713	228	138	5445
ES95_610_MG-protein_14_2 - Adapter 1	11394600	3646377	1194779	182935	59433	7821	1686	747	974	1423	1183	730	715	666	449	658	733	331	641	238	359	329	438	485	282	268	288	197	191	195	112	162	100	125	64	84	49	54	28	41	57	17	16	7	24	13	65	29	18	111
ES96_610_MG-protein_21_1 - Adapter 1	10363032	3183728	717585	126183	33016	2059	562	442	686	781	811	339	385	364	327	328	364	276	258	284	261	209	265	230	227	211	185	168	154	139	142	166	122	125	69	43	56	45	36	49	64	23	21	67	40	84	256	204	299	15507
ES96_610_MG-protein_21_2 - Adapter 1	11370044	3600694	1212757	193210	59961	6029	1493	588	961	1309	1124	653	690	529	409	539	601	293	503	222	357	260	371	360	242	237	269	184	190	149	140	105	143	109	58	43	75	43	37	29	40	18	25	5	20	14	70	36	25	135
ES97_SEM19-107_MG-protein_0_1 - Adapter 1	10184852	3073364	691387	114872	31453	2069	648	504	757	731	843	470	416	496	423	415	452	376	310	327	297	275	295	283	291	216	228	244	194	166	194	146	151	107	72	53	60	44	48	43	54	23	35	78	45	78	635	256	119	7299
ES97_SEM19-107_MG-protein_0_2 - Adapter 1	10909564	3525930	1128048	185205	59154	6066	1516	734	983	1296	1138	789	736	728	510	642	746	347	648	257	377	405	399	399	329	276	379	238	211	225	155	151	168	78	49	79	66	43	46	34	69	22	23	6	22	14	67	16	31	63
ES98_SEM19-107_MG-protein_14_1 - Adapter 1	11979489	3727390	826353	143994	39833	2697	834	713	967	915	1035	596	638	600	567	594	648	452	424	434	421	400	364	377	346	319	285	274	284	218	943	258	256	254	159	140	109	99	150	117	105	43	63	67	52	106	132	51	111	6611
ES98_SEM19-107_MG-protein_14_2 - Adapter 1	12569426	4162414	1319726	222309	69644	7825	2277	975	1233	1650	1409	885	1102	930	647	878	916	570	849	348	509	457	493	572	391	349	426	292	297	330	828	222	235	242	200	176	91	116	108	110	62	72	93	36	42	35	91	25	10	69
ES99_SEM19-107_MG-protein_21_1 - Adapter 1	9928078	2997365	667017	109180	30582	1973	611	513	744	759	768	436	412	523	392	446	452	333	290	375	287	262	274	289	270	197	220	170	208	128	209	152	145	111	95	71	66	56	34	59	57	30	55	292	51	126	2236	617	176	16720
ES99_SEM19-107_MG-protein_21_2 - Adapter 1	10566988	3412462	1099978	178591	58409	5580	1505	703	1016	1288	1178	745	686	724	443	709	737	410	653	293	369	353	409	453	298	247	283	185	222	129	202	129	147	128	83	71	77	38	45	43	39	24	35	5	27	14	54	27	22	148
ES9_172_Control-protein_0_1 - Adapter 1	9456129	3070246	670531	106668	28063	1622	522	368	596	668	734	338	315	292	305	274	296	244	221	269	258	205	207	209	217	173	154	131	170	125	156	106	112	92	63	55	55	32	38	31	52	20	24	103	28	48	857	214	89	5288
ES9_172_Control-protein_0_2 - Adapter 1	10280882	3327950	980512	159290	61987	6239	1240	537	813	998	1085	532	532	458	360	507	493	306	428	240	332	311	306	327	244	188	218	144	180	118	189	94	129	87	57	56	60	45	36	47	68	20	37	11	18	9	55	15	21	120
