	13.0	14.0	15.0	16.0	17.0	18.0	19.0	20.0	21.0	22.0	23.0	24.0	25.0	26.0	27.0	28.0	29.0	30.0	31.0	32.0	33.0	34.0	35.0	36.0	37.0
ES100_SEM19-140_Control-lipid_0_1	1.0	1.0	2.0	9.0	25.0	84.0	190.0	532.0	1326.0	2932.0	6590.0	13432.0	26250.0	47736.0	83503.0	138839.0	209362.0	294617.0	392533.0	517886.0	711966.0	1061736.0	2121171.0	14323520.0	25455962.0
	8.0	9.0	10.0	11.0	12.0	13.0	14.0	15.0	16.0	17.0	18.0	19.0	20.0	21.0	22.0	23.0	24.0	25.0	26.0	27.0	28.0	29.0	30.0	31.0	32.0	33.0	34.0	35.0	36.0	37.0
ES100_SEM19-140_Control-lipid_0_2	1.0	0.0	1.0	77.0	1145.0	7380.0	20416.0	42124.0	67619.0	83704.0	90426.0	97177.0	113176.0	134915.0	152999.0	155250.0	143879.0	131775.0	124706.0	125100.0	134380.0	152574.0	181445.0	224389.0	296237.0	432576.0	766823.0	2110006.0	16740066.0	22879839.0
	14.0	15.0	16.0	17.0	18.0	19.0	20.0	21.0	22.0	23.0	24.0	25.0	26.0	27.0	28.0	29.0	30.0	31.0	32.0	33.0	34.0	35.0	36.0	37.0
ES101_SEM19-140_Control-lipid_14_1	1.0	2.0	6.0	22.0	65.0	153.0	415.0	1019.0	2475.0	5431.0	11671.0	22678.0	42137.0	75681.0	126059.0	193881.0	275877.0	367726.0	489922.0	670270.0	1001442.0	1989759.0	13113907.0	24598074.0
	10.0	11.0	12.0	13.0	14.0	15.0	16.0	17.0	18.0	19.0	20.0	21.0	22.0	23.0	24.0	25.0	26.0	27.0	28.0	29.0	30.0	31.0	32.0	33.0	34.0	35.0	36.0	37.0
ES101_SEM19-140_Control-lipid_14_2	2.0	72.0	923.0	5364.0	15201.0	31333.0	47908.0	56377.0	59019.0	63695.0	74893.0	90394.0	103976.0	107948.0	105973.0	103553.0	104974.0	114061.0	129589.0	152795.0	187166.0	234340.0	312330.0	459679.0	822699.0	2220465.0	16363267.0	21020677.0
	15.0	16.0	17.0	18.0	19.0	20.0	21.0	22.0	23.0	24.0	25.0	26.0	27.0	28.0	29.0	30.0	31.0	32.0	33.0	34.0	35.0	36.0	37.0
ES102_SEM19-140_Control-lipid_21_1	4.0	9.0	24.0	71.0	204.0	571.0	1406.0	3237.0	7044.0	14190.0	27412.0	49928.0	87939.0	144735.0	221496.0	310922.0	413071.0	545201.0	741243.0	1100705.0	2179574.0	14704381.0	27620753.0
	9.0	10.0	11.0	12.0	13.0	14.0	15.0	16.0	17.0	18.0	19.0	20.0	21.0	22.0	23.0	24.0	25.0	26.0	27.0	28.0	29.0	30.0	31.0	32.0	33.0	34.0	35.0	36.0	37.0
ES102_SEM19-140_Control-lipid_21_2	1.0	0.0	126.0	1849.0	11227.0	29456.0	57040.0	91428.0	117067.0	131882.0	145699.0	172450.0	206455.0	228388.0	223939.0	201611.0	179823.0	162884.0	159522.0	166660.0	183891.0	212499.0	258174.0	335894.0	484600.0	850908.0	2314899.0	17692361.0	23553387.0
	13.0	14.0	15.0	16.0	17.0	18.0	19.0	20.0	21.0	22.0	23.0	24.0	25.0	26.0	27.0	28.0	29.0	30.0	31.0	32.0	33.0	34.0	35.0	36.0	37.0
ES103_625_Control-lipid_0_1	1.0	0.0	5.0	5.0	25.0	61.0	150.0	448.0	1163.0	2851.0	6112.0	13079.0	26203.0	48938.0	87195.0	146411.0	226794.0	321375.0	425984.0	558466.0	758973.0	1120340.0	2207403.0	15197380.0	29843253.0
	11.0	12.0	13.0	14.0	15.0	16.0	17.0	18.0	19.0	20.0	21.0	22.0	23.0	24.0	25.0	26.0	27.0	28.0	29.0	30.0	31.0	32.0	33.0	34.0	35.0	36.0	37.0
ES103_625_Control-lipid_0_2	73.0	949.0	5186.0	13986.0	28663.0	44529.0	53514.0	57316.0	61971.0	72282.0	86856.0	98550.0	104228.0	104837.0	106319.0	110327.0	121730.0	140152.0	166733.0	204240.0	257037.0	340083.0	492761.0	860482.0	2320128.0	18554979.0	26584704.0
	15.0	16.0	17.0	18.0	19.0	20.0	21.0	22.0	23.0	24.0	25.0	26.0	27.0	28.0	29.0	30.0	31.0	32.0	33.0	34.0	35.0	36.0	37.0
ES104_625_Control-lipid_14_1	3.0	5.0	32.0	78.0	190.0	525.0	1291.0	2898.0	6003.0	11707.0	21927.0	40159.0	70179.0	116624.0	178198.0	252509.0	336359.0	443968.0	606272.0	913875.0	1857688.0	12572062.0	23644729.0
	8.0	9.0	10.0	11.0	12.0	13.0	14.0	15.0	16.0	17.0	18.0	19.0	20.0	21.0	22.0	23.0	24.0	25.0	26.0	27.0	28.0	29.0	30.0	31.0	32.0	33.0	34.0	35.0	36.0	37.0
ES104_625_Control-lipid_14_2	1.0	1.0	0.0	148.0	1845.0	11611.0	32859.0	68095.0	112083.0	143098.0	160475.0	178512.0	210077.0	245200.0	265644.0	257696.0	226334.0	190532.0	164554.0	150290.0	151193.0	160181.0	181673.0	215200.0	275830.0	389852.0	661608.0	1734844.0	14000563.0	20887282.0
	15.0	16.0	17.0	18.0	19.0	20.0	21.0	22.0	23.0	24.0	25.0	26.0	27.0	28.0	29.0	30.0	31.0	32.0	33.0	34.0	35.0	36.0	37.0
ES105_625_Control-lipid_21_1	3.0	7.0	22.0	50.0	155.0	428.0	1084.0	2483.0	5646.0	12339.0	25793.0	47917.0	83622.0	137758.0	209729.0	297589.0	400591.0	533913.0	734740.0	1093624.0	2176730.0	15948426.0	31681530.0
	11.0	12.0	13.0	14.0	15.0	16.0	17.0	18.0	19.0	20.0	21.0	22.0	23.0	24.0	25.0	26.0	27.0	28.0	29.0	30.0	31.0	32.0	33.0	34.0	35.0	36.0	37.0
ES105_625_Control-lipid_21_2	50.0	731.0	4396.0	12138.0	26256.0	41303.0	50919.0	53898.0	57678.0	67744.0	83237.0	97356.0	105674.0	107745.0	108978.0	113470.0	121981.0	139345.0	164487.0	198681.0	246862.0	325708.0	467599.0	809923.0	2170954.0	18630652.0	29186414.0
	15.0	16.0	17.0	18.0	19.0	20.0	21.0	22.0	23.0	24.0	25.0	26.0	27.0	28.0	29.0	30.0	31.0	32.0	33.0	34.0	35.0	36.0	37.0
ES10_172_Control-protein_14_1	3.0	13.0	27.0	56.0	190.0	536.0	1242.0	2836.0	5906.0	11436.0	22385.0	40826.0	73503.0	125139.0	194777.0	276275.0	364644.0	477344.0	642836.0	950681.0	1902531.0	13206172.0	24620503.0
	8.0	9.0	10.0	11.0	12.0	13.0	14.0	15.0	16.0	17.0	18.0	19.0	20.0	21.0	22.0	23.0	24.0	25.0	26.0	27.0	28.0	29.0	30.0	31.0	32.0	33.0	34.0	35.0	36.0	37.0
ES10_172_Control-protein_14_2	1.0	0.0	2.0	99.0	1436.0	9013.0	26271.0	56987.0	93383.0	116876.0	128925.0	140765.0	164075.0	197119.0	220448.0	218672.0	190985.0	159806.0	139268.0	131856.0	136053.0	150306.0	174127.0	212828.0	278813.0	403849.0	708308.0	1909950.0	15291440.0	21658200.0
	15.0	16.0	17.0	18.0	19.0	20.0	21.0	22.0	23.0	24.0	25.0	26.0	27.0	28.0	29.0	30.0	31.0	32.0	33.0	34.0	35.0	36.0	37.0
ES11_172_Control-protein_21_1	7.0	13.0	49.0	82.0	268.0	707.0	1712.0	3647.0	7777.0	15102.0	29023.0	52059.0	91140.0	149133.0	228261.0	322830.0	427005.0	560857.0	763080.0	1141368.0	2287398.0	15298645.0	26918500.0
	9.0	10.0	11.0	12.0	13.0	14.0	15.0	16.0	17.0	18.0	19.0	20.0	21.0	22.0	23.0	24.0	25.0	26.0	27.0	28.0	29.0	30.0	31.0	32.0	33.0	34.0	35.0	36.0	37.0
ES11_172_Control-protein_21_2	1.0	1.0	176.0	2219.0	14701.0	41162.0	84882.0	133550.0	166036.0	184441.0	203558.0	242799.0	291947.0	326586.0	316659.0	275487.0	228599.0	196895.0	179038.0	178898.0	190682.0	217003.0	261218.0	340669.0	492875.0	861546.0	2297539.0	17283125.0	23286371.0
	12.0	13.0	14.0	15.0	16.0	17.0	18.0	19.0	20.0	21.0	22.0	23.0	24.0	25.0	26.0	27.0	28.0	29.0	30.0	31.0	32.0	33.0	34.0	35.0	36.0	37.0
ES12_209_MG-lipid_0_1	1.0	1.0	0.0	3.0	8.0	20.0	77.0	201.0	565.0	1232.0	2824.0	6081.0	12019.0	23385.0	43148.0	77157.0	131098.0	203297.0	288649.0	382419.0	499939.0	675708.0	997371.0	1986825.0	14407661.0	28666271.0
	11.0	12.0	13.0	14.0	15.0	16.0	17.0	18.0	19.0	20.0	21.0	22.0	23.0	24.0	25.0	26.0	27.0	28.0	29.0	30.0	31.0	32.0	33.0	34.0	35.0	36.0	37.0
ES12_209_MG-lipid_0_2	89.0	1356.0	9624.0	29160.0	65081.0	107422.0	131809.0	139276.0	147425.0	173461.0	212335.0	244934.0	247950.0	219042.0	181944.0	154926.0	140359.0	141042.0	150200.0	170843.0	203894.0	260253.0	366963.0	620922.0	1660749.0	15666957.0	26957944.0
	12.0	13.0	14.0	15.0	16.0	17.0	18.0	19.0	20.0	21.0	22.0	23.0	24.0	25.0	26.0	27.0	28.0	29.0	30.0	31.0	32.0	33.0	34.0	35.0	36.0	37.0
ES13_209_MG-lipid_14_1	1.0	0.0	0.0	4.0	11.0	22.0	88.0	212.0	570.0	1369.0	3133.0	6529.0	13254.0	25715.0	46784.0	81102.0	135151.0	207398.0	293038.0	386715.0	504701.0	679724.0	998593.0	1991875.0	14433133.0	28069506.0
	6.0	7.0	8.0	9.0	10.0	11.0	12.0	13.0	14.0	15.0	16.0	17.0	18.0	19.0	20.0	21.0	22.0	23.0	24.0	25.0	26.0	27.0	28.0	29.0	30.0	31.0	32.0	33.0	34.0	35.0	36.0	37.0
ES13_209_MG-lipid_14_2	1.0	0.0	0.0	1.0	0.0	137.0	1994.0	12401.0	33480.0	68166.0	106993.0	131593.0	143727.0	156446.0	185676.0	224431.0	253030.0	250990.0	222677.0	191936.0	170324.0	163019.0	168423.0	184400.0	211399.0	255324.0	329294.0	471645.0	833234.0	2311257.0	17683056.0	23113574.0
	14.0	15.0	16.0	17.0	18.0	19.0	20.0	21.0	22.0	23.0	24.0	25.0	26.0	27.0	28.0	29.0	30.0	31.0	32.0	33.0	34.0	35.0	36.0	37.0
ES14_209_MG-lipid_21_1	2.0	0.0	10.0	17.0	66.0	165.0	433.0	1070.0	2431.0	5154.0	10410.0	19830.0	36820.0	66274.0	113211.0	175849.0	251496.0	335083.0	441794.0	599174.0	884625.0	1751009.0	12207266.0	23267063.0
	9.0	10.0	11.0	12.0	13.0	14.0	15.0	16.0	17.0	18.0	19.0	20.0	21.0	22.0	23.0	24.0	25.0	26.0	27.0	28.0	29.0	30.0	31.0	32.0	33.0	34.0	35.0	36.0	37.0
ES14_209_MG-lipid_21_2	1.0	0.0	81.0	1566.0	10024.0	29477.0	63623.0	100446.0	120565.0	126861.0	133363.0	155209.0	191626.0	219438.0	219089.0	193114.0	160903.0	138462.0	128553.0	130001.0	140749.0	160693.0	193796.0	249354.0	354815.0	615968.0	1673106.0	14097224.0	20561145.0
	16.0	17.0	18.0	19.0	20.0	21.0	22.0	23.0	24.0	25.0	26.0	27.0	28.0	29.0	30.0	31.0	32.0	33.0	34.0	35.0	36.0	37.0
ES15_601_Control-protein_14_1	12.0	17.0	69.0	223.0	533.0	1323.0	3309.0	7180.0	14406.0	27303.0	49277.0	85012.0	136951.0	205657.0	284682.0	372839.0	483923.0	650884.0	954549.0	1894169.0	13541044.0	26039036.0
	10.0	11.0	12.0	13.0	14.0	15.0	16.0	17.0	18.0	19.0	20.0	21.0	22.0	23.0	24.0	25.0	26.0	27.0	28.0	29.0	30.0	31.0	32.0	33.0	34.0	35.0	36.0	37.0
ES15_601_Control-protein_14_2	2.0	112.0	1811.0	11353.0	29697.0	55922.0	89899.0	116212.0	133049.0	149783.0	180279.0	220019.0	244321.0	237140.0	209064.0	178344.0	157207.0	147231.0	148782.0	158960.0	179827.0	215935.0	279435.0	396890.0	681976.0	1832027.0	15449024.0	23248097.0
	14.0	15.0	16.0	17.0	18.0	19.0	20.0	21.0	22.0	23.0	24.0	25.0	26.0	27.0	28.0	29.0	30.0	31.0	32.0	33.0	34.0	35.0	36.0	37.0
ES16_601_Control-protein_21_1	1.0	3.0	9.0	26.0	75.0	199.0	523.0	1226.0	2782.0	5927.0	12394.0	24200.0	44223.0	78900.0	132813.0	206048.0	290867.0	387348.0	504526.0	680057.0	1005794.0	2000643.0	14647543.0	28900948.0
	9.0	10.0	11.0	12.0	13.0	14.0	15.0	16.0	17.0	18.0	19.0	20.0	21.0	22.0	23.0	24.0	25.0	26.0	27.0	28.0	29.0	30.0	31.0	32.0	33.0	34.0	35.0	36.0	37.0
ES16_601_Control-protein_21_2	1.0	0.0	129.0	1529.0	9008.0	25636.0	52238.0	82054.0	101850.0	114002.0	126127.0	151206.0	184983.0	211132.0	210304.0	188975.0	165414.0	150290.0	146432.0	155262.0	173430.0	203852.0	249434.0	324127.0	463660.0	794856.0	2126240.0	17360215.0	25154689.0
	15.0	16.0	17.0	18.0	19.0	20.0	21.0	22.0	23.0	24.0	25.0	26.0	27.0	28.0	29.0	30.0	31.0	32.0	33.0	34.0	35.0	36.0	37.0
ES17_615_Control-protein_0_1	4.0	10.0	24.0	80.0	187.0	449.0	1210.0	2770.0	5681.0	11370.0	22221.0	41015.0	73669.0	126284.0	196090.0	279200.0	368749.0	481009.0	648148.0	952222.0	1879920.0	13763750.0	27616154.0
	11.0	12.0	13.0	14.0	15.0	16.0	17.0	18.0	19.0	20.0	21.0	22.0	23.0	24.0	25.0	26.0	27.0	28.0	29.0	30.0	31.0	32.0	33.0	34.0	35.0	36.0	37.0
ES17_615_Control-protein_0_2	108.0	1622.0	10515.0	30478.0	65059.0	105442.0	129088.0	138237.0	147531.0	173574.0	213118.0	248838.0	250652.0	220609.0	182004.0	153409.0	139218.0	138860.0	150382.0	171147.0	205278.0	265795.0	380132.0	650704.0	1721351.0	15381871.0	25195194.0
	14.0	15.0	16.0	17.0	18.0	19.0	20.0	21.0	22.0	23.0	24.0	25.0	26.0	27.0	28.0	29.0	30.0	31.0	32.0	33.0	34.0	35.0	36.0	37.0
ES18_615_Control-protein_14_1	2.0	3.0	5.0	26.0	70.0	201.0	524.0	1297.0	2876.0	5978.0	11760.0	23041.0	42785.0	76434.0	128769.0	199290.0	282555.0	371355.0	483590.0	645408.0	948570.0	1892032.0	13548278.0	26182840.0
	10.0	11.0	12.0	13.0	14.0	15.0	16.0	17.0	18.0	19.0	20.0	21.0	22.0	23.0	24.0	25.0	26.0	27.0	28.0	29.0	30.0	31.0	32.0	33.0	34.0	35.0	36.0	37.0
ES18_615_Control-protein_14_2	1.0	135.0	2075.0	13150.0	36175.0	73017.0	117195.0	148571.0	165266.0	181430.0	214651.0	255757.0	281764.0	273140.0	238527.0	200016.0	173609.0	160421.0	161929.0	173869.0	195206.0	232141.0	294935.0	415920.0	711445.0	1904647.0	15524534.0	22698163.0
	15.0	16.0	17.0	18.0	19.0	20.0	21.0	22.0	23.0	24.0	25.0	26.0	27.0	28.0	29.0	30.0	31.0	32.0	33.0	34.0	35.0	36.0	37.0
ES19_615_Control-protein_21_1	1.0	11.0	24.0	65.0	190.0	495.0	1271.0	2788.0	5841.0	11656.0	22236.0	40462.0	73943.0	126258.0	197617.0	281424.0	374167.0	486765.0	657449.0	978534.0	1949963.0	13266329.0	25301834.0
	9.0	10.0	11.0	12.0	13.0	14.0	15.0	16.0	17.0	18.0	19.0	20.0	21.0	22.0	23.0	24.0	25.0	26.0	27.0	28.0	29.0	30.0	31.0	32.0	33.0	34.0	35.0	36.0	37.0
ES19_615_Control-protein_21_2	1.0	1.0	154.0	2350.0	14207.0	38352.0	79203.0	125784.0	158341.0	177967.0	197643.0	232032.0	275219.0	302731.0	291895.0	252432.0	209513.0	179659.0	165534.0	165292.0	177839.0	201032.0	241612.0	309119.0	438953.0	735532.0	1867651.0	14623888.0	22315387.0
	15.0	16.0	17.0	18.0	19.0	20.0	21.0	22.0	23.0	24.0	25.0	26.0	27.0	28.0	29.0	30.0	31.0	32.0	33.0	34.0	35.0	36.0	37.0
ES1_48_Control-lipid_0_1	4.0	8.0	28.0	88.0	250.0	649.0	1498.0	3187.0	7030.0	14305.0	27331.0	49328.0	87311.0	143150.0	220172.0	310051.0	411527.0	540121.0	729357.0	1090436.0	2130425.0	14823193.0	30441420.0
	11.0	12.0	13.0	14.0	15.0	16.0	17.0	18.0	19.0	20.0	21.0	22.0	23.0	24.0	25.0	26.0	27.0	28.0	29.0	30.0	31.0	32.0	33.0	34.0	35.0	36.0	37.0
ES1_48_Control-lipid_0_2	152.0	2022.0	11730.0	31753.0	65189.0	101215.0	125279.0	137345.0	152026.0	179917.0	216646.0	245266.0	243338.0	215769.0	186682.0	166412.0	159734.0	167515.0	183654.0	215934.0	263817.0	343648.0	495261.0	856318.0	2238051.0	17582457.0	26443739.0
	14.0	15.0	16.0	17.0	18.0	19.0	20.0	21.0	22.0	23.0	24.0	25.0	26.0	27.0	28.0	29.0	30.0	31.0	32.0	33.0	34.0	35.0	36.0	37.0
ES20_618_Control-lipid_0_1	2.0	5.0	6.0	31.0	64.0	203.0	531.0	1258.0	2889.0	6275.0	13265.0	25629.0	46805.0	81596.0	132687.0	202938.0	282405.0	374067.0	490593.0	665531.0	988609.0	1978018.0	14114488.0	28441316.0
	11.0	12.0	13.0	14.0	15.0	16.0	17.0	18.0	19.0	20.0	21.0	22.0	23.0	24.0	25.0	26.0	27.0	28.0	29.0	30.0	31.0	32.0	33.0	34.0	35.0	36.0	37.0
ES20_618_Control-lipid_0_2	62.0	982.0	6962.0	21787.0	48890.0	83468.0	105535.0	114911.0	123826.0	147747.0	181865.0	210713.0	215365.0	191884.0	163898.0	143089.0	133855.0	135767.0	147438.0	169651.0	205183.0	265324.0	377262.0	643755.0	1733578.0	15959625.0	26316789.0
	14.0	15.0	16.0	17.0	18.0	19.0	20.0	21.0	22.0	23.0	24.0	25.0	26.0	27.0	28.0	29.0	30.0	31.0	32.0	33.0	34.0	35.0	36.0	37.0
ES21_618_Control-lipid_14_1	1.0	0.0	10.0	15.0	42.0	148.0	391.0	958.0	2362.0	5165.0	10543.0	19785.0	36306.0	63076.0	104105.0	156863.0	216410.0	281554.0	363609.0	485202.0	716318.0	1460823.0	9924877.0	19904223.0
	6.0	7.0	8.0	9.0	10.0	11.0	12.0	13.0	14.0	15.0	16.0	17.0	18.0	19.0	20.0	21.0	22.0	23.0	24.0	25.0	26.0	27.0	28.0	29.0	30.0	31.0	32.0	33.0	34.0	35.0	36.0	37.0
ES21_618_Control-lipid_14_2	1.0	0.0	1.0	0.0	0.0	247.0	2859.0	10591.0	21814.0	41469.0	65989.0	83905.0	93391.0	101295.0	112563.0	126168.0	139884.0	141128.0	132721.0	124359.0	119049.0	117739.0	121396.0	129682.0	143526.0	168200.0	215002.0	303212.0	516697.0	1359770.0	11520784.0	17839344.0
	14.0	15.0	16.0	17.0	18.0	19.0	20.0	21.0	22.0	23.0	24.0	25.0	26.0	27.0	28.0	29.0	30.0	31.0	32.0	33.0	34.0	35.0	36.0	37.0
ES22_618_Control-lipid_21_1	2.0	3.0	6.0	34.0	80.0	237.0	549.0	1468.0	3174.0	6892.0	13639.0	26158.0	47404.0	85453.0	142508.0	220732.0	309250.0	408439.0	533057.0	721058.0	1068849.0	2124484.0	14206394.0	26462884.0
	10.0	11.0	12.0	13.0	14.0	15.0	16.0	17.0	18.0	19.0	20.0	21.0	22.0	23.0	24.0	25.0	26.0	27.0	28.0	29.0	30.0	31.0	32.0	33.0	34.0	35.0	36.0	37.0
ES22_618_Control-lipid_21_2	1.0	113.0	1726.0	11223.0	32854.0	71803.0	116709.0	142846.0	153825.0	164801.0	194283.0	234874.0	266773.0	266893.0	235020.0	195880.0	167155.0	154266.0	153964.0	165456.0	186982.0	224239.0	288407.0	410856.0	708161.0	1878542.0	15711070.0	24244032.0
	13.0	14.0	15.0	16.0	17.0	18.0	19.0	20.0	21.0	22.0	23.0	24.0	25.0	26.0	27.0	28.0	29.0	30.0	31.0	32.0	33.0	34.0	35.0	36.0	37.0
ES23_Blue-010_Control-lipid_0_1	1.0	0.0	4.0	8.0	31.0	72.0	181.0	562.0	1269.0	2885.0	6311.0	12700.0	24423.0	44449.0	77452.0	127871.0	195235.0	276155.0	366247.0	483087.0	657865.0	973380.0	1921673.0	13532873.0	27253055.0
	11.0	12.0	13.0	14.0	15.0	16.0	17.0	18.0	19.0	20.0	21.0	22.0	23.0	24.0	25.0	26.0	27.0	28.0	29.0	30.0	31.0	32.0	33.0	34.0	35.0	36.0	37.0
ES23_Blue-010_Control-lipid_0_2	102.0	1406.0	8699.0	24688.0	51853.0	84600.0	106416.0	117283.0	128464.0	150903.0	184075.0	209337.0	209962.0	188586.0	161444.0	143066.0	136251.0	139415.0	153891.0	177970.0	217067.0	281139.0	402636.0	691033.0	1818979.0	15612253.0	24556271.0
	15.0	16.0	17.0	18.0	19.0	20.0	21.0	22.0	23.0	24.0	25.0	26.0	27.0	28.0	29.0	30.0	31.0	32.0	33.0	34.0	35.0	36.0	37.0
ES24_Blue-010_Control-lipid_21_1	2.0	10.0	32.0	79.0	216.0	524.0	1233.0	2898.0	6157.0	12661.0	24306.0	44845.0	80106.0	136001.0	210192.0	299125.0	400458.0	528314.0	719827.0	1065475.0	2098958.0	14831529.0	29355538.0
	9.0	10.0	11.0	12.0	13.0	14.0	15.0	16.0	17.0	18.0	19.0	20.0	21.0	22.0	23.0	24.0	25.0	26.0	27.0	28.0	29.0	30.0	31.0	32.0	33.0	34.0	35.0	36.0	37.0
ES24_Blue-010_Control-lipid_21_2	1.0	0.0	125.0	1654.0	10331.0	28828.0	60070.0	94780.0	115663.0	124614.0	134260.0	158155.0	194668.0	223512.0	223498.0	200027.0	172574.0	154382.0	147943.0	154657.0	171165.0	198186.0	241335.0	311802.0	444027.0	752662.0	1958032.0	16688793.0	26852742.0
	16.0	17.0	18.0	19.0	20.0	21.0	22.0	23.0	24.0	25.0	26.0	27.0	28.0	29.0	30.0	31.0	32.0	33.0	34.0	35.0	36.0	37.0
ES25_619_MG-lipid_0_1	10.0	28.0	62.0	173.0	516.0	1170.0	2802.0	5978.0	12109.0	23652.0	43624.0	76668.0	124554.0	189325.0	264620.0	345393.0	447132.0	599159.0	880023.0	1736726.0	12825033.0	26571681.0
	8.0	9.0	10.0	11.0	12.0	13.0	14.0	15.0	16.0	17.0	18.0	19.0	20.0	21.0	22.0	23.0	24.0	25.0	26.0	27.0	28.0	29.0	30.0	31.0	32.0	33.0	34.0	35.0	36.0	37.0
ES25_619_MG-lipid_0_2	1.0	0.0	1.0	113.0	1706.0	10309.0	29155.0	59803.0	92780.0	111484.0	120846.0	131753.0	156286.0	191989.0	221573.0	222712.0	196361.0	165280.0	145164.0	137852.0	141983.0	156260.0	182197.0	221857.0	290447.0	420741.0	734110.0	1969281.0	15680043.0	22358351.0
	15.0	16.0	17.0	18.0	19.0	20.0	21.0	22.0	23.0	24.0	25.0	26.0	27.0	28.0	29.0	30.0	31.0	32.0	33.0	34.0	35.0	36.0	37.0
ES26_619_MG-lipid_14_1	4.0	13.0	24.0	64.0	210.0	488.0	1203.0	2755.0	5901.0	11966.0	23530.0	43291.0	76999.0	129432.0	199739.0	281612.0	369020.0	478781.0	643734.0	975775.0	1900561.0	13396469.0	25868515.0
	11.0	12.0	13.0	14.0	15.0	16.0	17.0	18.0	19.0	20.0	21.0	22.0	23.0	24.0	25.0	26.0	27.0	28.0	29.0	30.0	31.0	32.0	33.0	34.0	35.0	36.0	37.0
ES26_619_MG-lipid_14_2	140.0	2140.0	13058.0	36547.0	77077.0	121967.0	149815.0	163522.0	178625.0	207105.0	246630.0	272735.0	267414.0	231212.0	189626.0	161296.0	147963.0	147516.0	156710.0	178102.0	211840.0	272522.0	385507.0	671203.0	1823140.0	15345278.0	22751396.0
	14.0	15.0	16.0	17.0	18.0	19.0	20.0	21.0	22.0	23.0	24.0	25.0	26.0	27.0	28.0	29.0	30.0	31.0	32.0	33.0	34.0	35.0	36.0	37.0
ES27_619_MG-lipid_21_1	1.0	1.0	8.0	24.0	59.0	180.0	515.0	1296.0	2879.0	6198.0	12833.0	24963.0	45345.0	78456.0	126841.0	192664.0	269889.0	357609.0	469590.0	636360.0	943660.0	1882008.0	13593089.0	26325490.0
	10.0	11.0	12.0	13.0	14.0	15.0	16.0	17.0	18.0	19.0	20.0	21.0	22.0	23.0	24.0	25.0	26.0	27.0	28.0	29.0	30.0	31.0	32.0	33.0	34.0	35.0	36.0	37.0
ES27_619_MG-lipid_21_2	1.0	54.0	1131.0	7328.0	21581.0	45094.0	73242.0	91764.0	101260.0	110489.0	131120.0	159760.0	181903.0	184207.0	168732.0	146438.0	130223.0	124940.0	127929.0	139871.0	162548.0	197201.0	254472.0	366508.0	627554.0	1676658.0	15083711.0	24654239.0
	15.0	16.0	17.0	18.0	19.0	20.0	21.0	22.0	23.0	24.0	25.0	26.0	27.0	28.0	29.0	30.0	31.0	32.0	33.0	34.0	35.0	36.0	37.0
ES28_Blue-098_Control-lipid_0_1	2.0	16.0	23.0	83.0	202.0	508.0	1352.0	3156.0	6669.0	13677.0	26738.0	49476.0	88592.0	149024.0	230921.0	328241.0	439465.0	582392.0	791441.0	1179071.0	2349712.0	16655937.0	31567697.0
	10.0	11.0	12.0	13.0	14.0	15.0	16.0	17.0	18.0	19.0	20.0	21.0	22.0	23.0	24.0	25.0	26.0	27.0	28.0	29.0	30.0	31.0	32.0	33.0	34.0	35.0	36.0	37.0
ES28_Blue-098_Control-lipid_0_2	1.0	109.0	1467.0	8730.0	24245.0	49798.0	81658.0	105248.0	117870.0	130943.0	155182.0	187484.0	210672.0	210264.0	191337.0	171379.0	157044.0	154523.0	162641.0	180683.0	209214.0	252748.0	325847.0	459591.0	777344.0	2071636.0	18435522.0	29631215.0
	15.0	16.0	17.0	18.0	19.0	20.0	21.0	22.0	23.0	24.0	25.0	26.0	27.0	28.0	29.0	30.0	31.0	32.0	33.0	34.0	35.0	36.0	37.0
ES29_Blue-098_Control-lipid_14_1	3.0	6.0	37.0	66.0	204.0	488.0	1169.0	2606.0	5885.0	12551.0	24192.0	44488.0	78963.0	131826.0	204016.0	290664.0	394353.0	523785.0	723277.0	1100626.0	2166707.0	15614813.0	30819916.0
	11.0	12.0	13.0	14.0	15.0	16.0	17.0	18.0	19.0	20.0	21.0	22.0	23.0	24.0	25.0	26.0	27.0	28.0	29.0	30.0	31.0	32.0	33.0	34.0	35.0	36.0	37.0
ES29_Blue-098_Control-lipid_14_2	52.0	797.0	4606.0	13147.0	28323.0	47467.0	61167.0	70252.0	80385.0	96171.0	117505.0	134270.0	140288.0	134228.0	129563.0	127564.0	135618.0	152488.0	179845.0	218459.0	272419.0	360428.0	524063.0	907805.0	2383880.0	18834357.0	26985494.0
	15.0	16.0	17.0	18.0	19.0	20.0	21.0	22.0	23.0	24.0	25.0	26.0	27.0	28.0	29.0	30.0	31.0	32.0	33.0	34.0	35.0	36.0	37.0
ES2_48_Control-lipid_14_1	2.0	6.0	22.0	84.0	216.0	555.0	1369.0	3133.0	6401.0	13540.0	25885.0	48379.0	85953.0	142512.0	218157.0	302987.0	396025.0	509071.0	678804.0	1001502.0	1970166.0	14081148.0	26138410.0
	9.0	10.0	11.0	12.0	13.0	14.0	15.0	16.0	17.0	18.0	19.0	20.0	21.0	22.0	23.0	24.0	25.0	26.0	27.0	28.0	29.0	30.0	31.0	32.0	33.0	34.0	35.0	36.0	37.0
ES2_48_Control-lipid_14_2	1.0	0.0	91.0	1471.0	9446.0	27572.0	58029.0	95087.0	122648.0	136182.0	149799.0	176334.0	214450.0	243367.0	238188.0	208868.0	175996.0	153060.0	142887.0	144571.0	155398.0	177031.0	210724.0	266820.0	373389.0	633181.0	1737196.0	15637607.0	24134934.0
	14.0	15.0	16.0	17.0	18.0	19.0	20.0	21.0	22.0	23.0	24.0	25.0	26.0	27.0	28.0	29.0	30.0	31.0	32.0	33.0	34.0	35.0	36.0	37.0
ES30_Blue-098_Control-lipid_21_1	1.0	2.0	5.0	24.0	70.0	182.0	442.0	1061.0	2416.0	5053.0	10186.0	19435.0	35796.0	63371.0	105400.0	162379.0	229917.0	306197.0	399349.0	541237.0	806255.0	1603741.0	11062238.0	20312473.0
	11.0	12.0	13.0	14.0	15.0	16.0	17.0	18.0	19.0	20.0	21.0	22.0	23.0	24.0	25.0	26.0	27.0	28.0	29.0	30.0	31.0	32.0	33.0	34.0	35.0	36.0	37.0
ES30_Blue-098_Control-lipid_21_2	104.0	1540.0	9784.0	27488.0	55767.0	91029.0	116872.0	130864.0	144371.0	171129.0	204883.0	227442.0	222180.0	195002.0	165683.0	143934.0	132666.0	132386.0	139437.0	156841.0	185500.0	234452.0	331148.0	569045.0	1545559.0	12628221.0	17703903.0
	14.0	15.0	16.0	17.0	18.0	19.0	20.0	21.0	22.0	23.0	24.0	25.0	26.0	27.0	28.0	29.0	30.0	31.0	32.0	33.0	34.0	35.0	36.0	37.0
ES31_Blue-055_NA_0_1	1.0	0.0	9.0	17.0	43.0	151.0	370.0	898.0	2139.0	4647.0	9775.0	19817.0	36776.0	65714.0	111173.0	173507.0	245975.0	332481.0	439482.0	597949.0	887711.0	1808335.0	14303945.0	27544307.0
	11.0	12.0	13.0	14.0	15.0	16.0	17.0	18.0	19.0	20.0	21.0	22.0	23.0	24.0	25.0	26.0	27.0	28.0	29.0	30.0	31.0	32.0	33.0	34.0	35.0	36.0	37.0
ES31_Blue-055_NA_0_2	14.0	297.0	1769.0	5249.0	11668.0	19623.0	24822.0	27771.0	30842.0	37244.0	46768.0	56666.0	61899.0	64807.0	67263.0	72335.0	82164.0	98120.0	119987.0	148597.0	186594.0	246577.0	351742.0	605096.0	1689844.0	16430637.0	26096827.0
	16.0	17.0	18.0	19.0	20.0	21.0	22.0	23.0	24.0	25.0	26.0	27.0	28.0	29.0	30.0	31.0	32.0	33.0	34.0	35.0	36.0	37.0
ES32_Blue-055_NA_14_1	6.0	29.0	73.0	205.0	524.0	1249.0	2743.0	5823.0	11945.0	23168.0	42445.0	75495.0	127428.0	198412.0	283375.0	381012.0	504433.0	688448.0	1020989.0	2037997.0	14559705.0	28073953.0
	10.0	11.0	12.0	13.0	14.0	15.0	16.0	17.0	18.0	19.0	20.0	21.0	22.0	23.0	24.0	25.0	26.0	27.0	28.0	29.0	30.0	31.0	32.0	33.0	34.0	35.0	36.0	37.0
ES32_Blue-055_NA_14_2	1.0	73.0	1107.0	6996.0	20192.0	43010.0	72559.0	93728.0	105163.0	116317.0	138154.0	168025.0	191309.0	192840.0	174525.0	152654.0	137940.0	133318.0	139120.0	152813.0	176680.0	213348.0	275608.0	387750.0	657901.0	1801053.0	16593752.0	25893521.0
	14.0	15.0	16.0	17.0	18.0	19.0	20.0	21.0	22.0	23.0	24.0	25.0	26.0	27.0	28.0	29.0	30.0	31.0	32.0	33.0	34.0	35.0	36.0	37.0
ES33_101-LS_MG-lipid_0_1	1.0	3.0	10.0	26.0	87.0	193.0	474.0	1234.0	2882.0	6445.0	13034.0	25929.0	47582.0	83558.0	137368.0	209105.0	291289.0	382692.0	497040.0	666276.0	981169.0	1962817.0	14493044.0	28336885.0
	10.0	11.0	12.0	13.0	14.0	15.0	16.0	17.0	18.0	19.0	20.0	21.0	22.0	23.0	24.0	25.0	26.0	27.0	28.0	29.0	30.0	31.0	32.0	33.0	34.0	35.0	36.0	37.0
ES33_101-LS_MG-lipid_0_2	2.0	50.0	888.0	5554.0	16270.0	32342.0	53375.0	69848.0	80563.0	91827.0	112912.0	140126.0	161605.0	161944.0	148353.0	129162.0	117052.0	112919.0	117699.0	129560.0	151608.0	183127.0	239401.0	341982.0	586905.0	1629079.0	15900237.0	27424753.0
	15.0	16.0	17.0	18.0	19.0	20.0	21.0	22.0	23.0	24.0	25.0	26.0	27.0	28.0	29.0	30.0	31.0	32.0	33.0	34.0	35.0	36.0	37.0
ES34_101-LS_MG-lipid_14_1	3.0	6.0	20.0	59.0	141.0	428.0	1005.0	2450.0	5427.0	11483.0	22774.0	41936.0	73594.0	120288.0	183095.0	255610.0	339125.0	447872.0	607201.0	901696.0	1810101.0	13469150.0	26735337.0
	10.0	11.0	12.0	13.0	14.0	15.0	16.0	17.0	18.0	19.0	20.0	21.0	22.0	23.0	24.0	25.0	26.0	27.0	28.0	29.0	30.0	31.0	32.0	33.0	34.0	35.0	36.0	37.0
ES34_101-LS_MG-lipid_14_2	1.0	52.0	759.0	4018.0	11012.0	22303.0	35177.0	43954.0	50900.0	58945.0	72057.0	89793.0	104532.0	110089.0	107709.0	104592.0	103628.0	109959.0	123564.0	144477.0	174123.0	216955.0	286988.0	418754.0	742055.0	2090194.0	16951209.0	22851002.0
	12.0	13.0	14.0	15.0	16.0	17.0	18.0	19.0	20.0	21.0	22.0	23.0	24.0	25.0	26.0	27.0	28.0	29.0	30.0	31.0	32.0	33.0	34.0	35.0	36.0	37.0
ES35_101-LS_MG-lipid_21_1	1.0	0.0	0.0	2.0	8.0	22.0	70.0	158.0	497.0	1124.0	2592.0	5512.0	11223.0	22158.0	41164.0	75863.0	129817.0	203471.0	288025.0	381213.0	493697.0	663327.0	972837.0	1922940.0	13677935.0	26511613.0
	11.0	12.0	13.0	14.0	15.0	16.0	17.0	18.0	19.0	20.0	21.0	22.0	23.0	24.0	25.0	26.0	27.0	28.0	29.0	30.0	31.0	32.0	33.0	34.0	35.0	36.0	37.0
ES35_101-LS_MG-lipid_21_2	121.0	1406.0	8882.0	24577.0	51097.0	82402.0	102110.0	110729.0	120110.0	142133.0	171980.0	194442.0	193862.0	175712.0	154397.0	141257.0	139776.0	151329.0	171977.0	204365.0	253049.0	335537.0	495474.0	893620.0	2464573.0	17522951.0	21097401.0
	13.0	14.0	15.0	16.0	17.0	18.0	19.0	20.0	21.0	22.0	23.0	24.0	25.0	26.0	27.0	28.0	29.0	30.0	31.0	32.0	33.0	34.0	35.0	36.0	37.0
ES36_AR17-21_MG-lipid_0_1	1.0	0.0	0.0	5.0	15.0	63.0	180.0	456.0	1079.0	2487.0	5211.0	11014.0	21302.0	39811.0	71097.0	119632.0	185568.0	264023.0	353906.0	468062.0	639990.0	961805.0	1948028.0	13552279.0	23841758.0
	10.0	11.0	12.0	13.0	14.0	15.0	16.0	17.0	18.0	19.0	20.0	21.0	22.0	23.0	24.0	25.0	26.0	27.0	28.0	29.0	30.0	31.0	32.0	33.0	34.0	35.0	36.0	37.0
ES36_AR17-21_MG-lipid_0_2	1.0	94.0	1522.0	9278.0	26132.0	51828.0	83977.0	108009.0	121735.0	135637.0	160736.0	195512.0	216082.0	209670.0	185971.0	161100.0	145940.0	141745.0	147713.0	162885.0	187107.0	226750.0	292011.0	420734.0	745855.0	2104911.0	16090536.0	20154301.0
	14.0	15.0	16.0	17.0	18.0	19.0	20.0	21.0	22.0	23.0	24.0	25.0	26.0	27.0	28.0	29.0	30.0	31.0	32.0	33.0	34.0	35.0	36.0	37.0
ES37_AR17-21_MG-lipid_14_1	1.0	3.0	7.0	39.0	93.0	225.0	588.0	1399.0	3386.0	7112.0	13861.0	26547.0	47699.0	83375.0	136937.0	207931.0	291758.0	383829.0	498631.0	672115.0	990092.0	1950897.0	13997193.0	28408723.0
	9.0	10.0	11.0	12.0	13.0	14.0	15.0	16.0	17.0	18.0	19.0	20.0	21.0	22.0	23.0	24.0	25.0	26.0	27.0	28.0	29.0	30.0	31.0	32.0	33.0	34.0	35.0	36.0	37.0
ES37_AR17-21_MG-lipid_14_2	1.0	1.0	87.0	1619.0	10860.0	32227.0	70537.0	113462.0	140787.0	152638.0	165537.0	195285.0	237715.0	269643.0	271691.0	238705.0	200295.0	171069.0	157662.0	155866.0	166021.0	185205.0	219992.0	279276.0	391904.0	657071.0	1717325.0	15475442.0	26044518.0
	15.0	16.0	17.0	18.0	19.0	20.0	21.0	22.0	23.0	24.0	25.0	26.0	27.0	28.0	29.0	30.0	31.0	32.0	33.0	34.0	35.0	36.0	37.0
ES38_AR17-21_MG-lipid_21_1	3.0	7.0	29.0	60.0	169.0	438.0	1143.0	2483.0	5485.0	11082.0	21672.0	40517.0	72671.0	124464.0	194936.0	279812.0	378389.0	505333.0	699845.0	1058761.0	2130388.0	13815670.0	24546881.0
	10.0	11.0	12.0	13.0	14.0	15.0	16.0	17.0	18.0	19.0	20.0	21.0	22.0	23.0	24.0	25.0	26.0	27.0	28.0	29.0	30.0	31.0	32.0	33.0	34.0	35.0	36.0	37.0
ES38_AR17-21_MG-lipid_21_2	1.0	100.0	1478.0	8503.0	24814.0	52621.0	84330.0	104200.0	114101.0	123825.0	145398.0	173855.0	195180.0	194300.0	175851.0	154909.0	140666.0	138601.0	146996.0	165528.0	195982.0	239231.0	314059.0	458654.0	802963.0	2119626.0	15845547.0	21768919.0
	14.0	15.0	16.0	17.0	18.0	19.0	20.0	21.0	22.0	23.0	24.0	25.0	26.0	27.0	28.0	29.0	30.0	31.0	32.0	33.0	34.0	35.0	36.0	37.0
ES39_LD19-239_MG-lipid_14_1	1.0	1.0	6.0	26.0	77.0	192.0	515.0	1274.0	3005.0	6191.0	12403.0	23769.0	43532.0	75840.0	126005.0	191629.0	268222.0	356943.0	468488.0	632833.0	941027.0	1869142.0	13622312.0	27056816.0
	11.0	12.0	13.0	14.0	15.0	16.0	17.0	18.0	19.0	20.0	21.0	22.0	23.0	24.0	25.0	26.0	27.0	28.0	29.0	30.0	31.0	32.0	33.0	34.0	35.0	36.0	37.0
ES39_LD19-239_MG-lipid_14_2	150.0	2050.0	11897.0	32889.0	68706.0	107716.0	132894.0	144403.0	158811.0	186253.0	225964.0	254564.0	252571.0	224549.0	192421.0	168117.0	157353.0	159404.0	171858.0	197343.0	237359.0	306391.0	437626.0	749430.0	1964079.0	15852203.0	23303248.0
	15.0	16.0	17.0	18.0	19.0	20.0	21.0	22.0	23.0	24.0	25.0	26.0	27.0	28.0	29.0	30.0	31.0	32.0	33.0	34.0	35.0	36.0	37.0
ES3_48_Control-lipid_21_1	5.0	5.0	25.0	68.0	172.0	448.0	1114.0	2425.0	5322.0	10531.0	20492.0	38406.0	69115.0	118301.0	184771.0	264986.0	355623.0	468501.0	638526.0	949406.0	1875470.0	12822163.0	24639278.0
	8.0	9.0	10.0	11.0	12.0	13.0	14.0	15.0	16.0	17.0	18.0	19.0	20.0	21.0	22.0	23.0	24.0	25.0	26.0	27.0	28.0	29.0	30.0	31.0	32.0	33.0	34.0	35.0	36.0	37.0
ES3_48_Control-lipid_21_2	1.0	0.0	0.0	138.0	1635.0	10344.0	29128.0	60928.0	95280.0	115381.0	123888.0	133501.0	156784.0	192058.0	218181.0	216677.0	191235.0	160661.0	140463.0	133438.0	136284.0	149878.0	173042.0	210157.0	272499.0	393001.0	684749.0	1824111.0	14768014.0	21873697.0
	14.0	15.0	16.0	17.0	18.0	19.0	20.0	21.0	22.0	23.0	24.0	25.0	26.0	27.0	28.0	29.0	30.0	31.0	32.0	33.0	34.0	35.0	36.0	37.0
ES40_LD19-239_MG-lipid_21_1	1.0	2.0	9.0	39.0	86.0	235.0	577.0	1458.0	3309.0	7059.0	14497.0	27434.0	50441.0	87835.0	144727.0	221880.0	314602.0	415826.0	544078.0	734416.0	1082865.0	2136417.0	15537978.0	31706709.0
	11.0	12.0	13.0	14.0	15.0	16.0	17.0	18.0	19.0	20.0	21.0	22.0	23.0	24.0	25.0	26.0	27.0	28.0	29.0	30.0	31.0	32.0	33.0	34.0	35.0	36.0	37.0
ES40_LD19-239_MG-lipid_21_2	132.0	1806.0	10964.0	30351.0	61054.0	98269.0	124583.0	139583.0	155340.0	185500.0	225903.0	253809.0	251404.0	224235.0	192608.0	172154.0	164640.0	170456.0	188491.0	218548.0	264695.0	343328.0	492094.0	835962.0	2189009.0	18099651.0	27937911.0
	15.0	16.0	17.0	18.0	19.0	20.0	21.0	22.0	23.0	24.0	25.0	26.0	27.0	28.0	29.0	30.0	31.0	32.0	33.0	34.0	35.0	36.0	37.0
ES41_Blue-013_Control-protein_0_1	3.0	9.0	28.0	72.0	229.0	584.0	1483.0	3347.0	7293.0	14200.0	27632.0	50596.0	89991.0	148815.0	229653.0	321005.0	419730.0	537967.0	711965.0	1038927.0	2034064.0	14441914.0	29468161.0
	11.0	12.0	13.0	14.0	15.0	16.0	17.0	18.0	19.0	20.0	21.0	22.0	23.0	24.0	25.0	26.0	27.0	28.0	29.0	30.0	31.0	32.0	33.0	34.0	35.0	36.0	37.0
ES41_Blue-013_Control-protein_0_2	131.0	1787.0	11992.0	32973.0	66686.0	106508.0	135015.0	152420.0	171984.0	206762.0	250169.0	279603.0	274908.0	242172.0	206414.0	183991.0	176556.0	182773.0	202107.0	232440.0	279760.0	362835.0	518609.0	903507.0	2464533.0	18451012.0	23450021.0
	15.0	16.0	17.0	18.0	19.0	20.0	21.0	22.0	23.0	24.0	25.0	26.0	27.0	28.0	29.0	30.0	31.0	32.0	33.0	34.0	35.0	36.0	37.0
ES42_Blue-013_Control-protein_14_1	3.0	7.0	33.0	55.0	160.0	476.0	1132.0	2451.0	5305.0	10952.0	21220.0	38826.0	69243.0	118426.0	184076.0	263896.0	353878.0	467390.0	640475.0	963563.0	1966989.0	13737386.0	24968467.0
	10.0	11.0	12.0	13.0	14.0	15.0	16.0	17.0	18.0	19.0	20.0	21.0	22.0	23.0	24.0	25.0	26.0	27.0	28.0	29.0	30.0	31.0	32.0	33.0	34.0	35.0	36.0	37.0
ES42_Blue-013_Control-protein_14_2	1.0	87.0	1246.0	7323.0	19877.0	41604.0	68819.0	90137.0	102343.0	116119.0	139002.0	168479.0	187294.0	185976.0	168027.0	148782.0	135933.0	135008.0	144168.0	161744.0	190161.0	233056.0	304422.0	441938.0	785053.0	2185813.0	16549117.0	21102880.0
	14.0	15.0	16.0	17.0	18.0	19.0	20.0	21.0	22.0	23.0	24.0	25.0	26.0	27.0	28.0	29.0	30.0	31.0	32.0	33.0	34.0	35.0	36.0	37.0
ES43_Blue-013_Control-protein_21_1	1.0	1.0	5.0	25.0	74.0	205.0	524.0	1272.0	2893.0	6165.0	12582.0	24121.0	43527.0	78689.0	131054.0	203227.0	288130.0	383374.0	501337.0	678837.0	1014531.0	2037860.0	14694840.0	26895197.0
	8.0	9.0	10.0	11.0	12.0	13.0	14.0	15.0	16.0	17.0	18.0	19.0	20.0	21.0	22.0	23.0	24.0	25.0	26.0	27.0	28.0	29.0	30.0	31.0	32.0	33.0	34.0	35.0	36.0	37.0
ES43_Blue-013_Control-protein_21_2	1.0	2.0	0.0	99.0	1564.0	9979.0	28924.0	59565.0	96584.0	121924.0	135231.0	149501.0	176322.0	213159.0	238529.0	234395.0	206769.0	178469.0	158908.0	154268.0	159945.0	177082.0	206232.0	249505.0	324196.0	469543.0	816273.0	2218764.0	17258182.0	22954556.0
	15.0	16.0	17.0	18.0	19.0	20.0	21.0	22.0	23.0	24.0	25.0	26.0	27.0	28.0	29.0	30.0	31.0	32.0	33.0	34.0	35.0	36.0	37.0
ES44_Blue-015_MG-lipid_0_1	2.0	3.0	22.0	38.0	155.0	438.0	1136.0	2500.0	5608.0	11481.0	22743.0	42201.0	75372.0	128336.0	201076.0	285791.0	384106.0	508323.0	692646.0	1033839.0	2078075.0	15289593.0	28784671.0
	9.0	10.0	11.0	12.0	13.0	14.0	15.0	16.0	17.0	18.0	19.0	20.0	21.0	22.0	23.0	24.0	25.0	26.0	27.0	28.0	29.0	30.0	31.0	32.0	33.0	34.0	35.0	36.0	37.0
ES44_Blue-015_MG-lipid_0_2	1.0	0.0	73.0	1050.0	6534.0	19749.0	43598.0	74211.0	95926.0	106486.0	115860.0	134916.0	162127.0	183506.0	184935.0	168809.0	150247.0	137574.0	137334.0	147187.0	167334.0	195982.0	238172.0	307676.0	439277.0	760819.0	2112719.0	18043963.0	25412090.0
	13.0	14.0	15.0	16.0	17.0	18.0	19.0	20.0	21.0	22.0	23.0	24.0	25.0	26.0	27.0	28.0	29.0	30.0	31.0	32.0	33.0	34.0	35.0	36.0	37.0
ES45_Blue-015_MG-lipid_14_1	1.0	0.0	2.0	11.0	22.0	63.0	195.0	485.0	1143.0	2549.0	5354.0	11892.0	23144.0	42485.0	75366.0	127318.0	198891.0	286394.0	387890.0	519725.0	713617.0	1065470.0	2145466.0	16188770.0	32095615.0
	11.0	12.0	13.0	14.0	15.0	16.0	17.0	18.0	19.0	20.0	21.0	22.0	23.0	24.0	25.0	26.0	27.0	28.0	29.0	30.0	31.0	32.0	33.0	34.0	35.0	36.0	37.0
ES45_Blue-015_MG-lipid_14_2	40.0	465.0	2749.0	7728.0	16535.0	27049.0	33412.0	37737.0	42617.0	51227.0	63698.0	75972.0	83531.0	87086.0	89957.0	96938.0	108861.0	128754.0	157270.0	194430.0	246737.0	329495.0	482518.0	848527.0	2318593.0	19513570.0	28846372.0
	15.0	16.0	17.0	18.0	19.0	20.0	21.0	22.0	23.0	24.0	25.0	26.0	27.0	28.0	29.0	30.0	31.0	32.0	33.0	34.0	35.0	36.0	37.0
ES46_Blue-015_MG-lipid_21_1	2.0	9.0	35.0	46.0	162.0	444.0	1029.0	2312.0	4867.0	10173.0	19939.0	36801.0	66657.0	114252.0	181181.0	263352.0	357803.0	478833.0	657551.0	986254.0	1982422.0	14045691.0	26971377.0
	11.0	12.0	13.0	14.0	15.0	16.0	17.0	18.0	19.0	20.0	21.0	22.0	23.0	24.0	25.0	26.0	27.0	28.0	29.0	30.0	31.0	32.0	33.0	34.0	35.0	36.0	37.0
ES46_Blue-015_MG-lipid_21_2	89.0	1613.0	8406.0	23418.0	48539.0	76445.0	91397.0	97147.0	106442.0	124094.0	150066.0	171673.0	175132.0	162481.0	145835.0	135265.0	135500.0	146032.0	166827.0	199860.0	249742.0	332918.0	485747.0	854031.0	2237131.0	16873827.0	22981535.0
	14.0	15.0	16.0	17.0	18.0	19.0	20.0	21.0	22.0	23.0	24.0	25.0	26.0	27.0	28.0	29.0	30.0	31.0	32.0	33.0	34.0	35.0	36.0	37.0
ES47_Blue-45_MG-protein_0_1	1.0	1.0	6.0	19.0	64.0	159.0	410.0	1008.0	2292.0	4963.0	10257.0	20289.0	37476.0	68097.0	115130.0	180191.0	262666.0	360955.0	492329.0	691297.0	1080719.0	2178165.0	14276213.0	23418968.0
	10.0	11.0	12.0	13.0	14.0	15.0	16.0	17.0	18.0	19.0	20.0	21.0	22.0	23.0	24.0	25.0	26.0	27.0	28.0	29.0	30.0	31.0	32.0	33.0	34.0	35.0	36.0	37.0
ES47_Blue-45_MG-protein_0_2	1.0	70.0	854.0	4850.0	13589.0	29561.0	49532.0	64395.0	73179.0	82603.0	98010.0	116524.0	129772.0	131484.0	123206.0	113655.0	109761.0	113154.0	126382.0	145233.0	175304.0	218363.0	289203.0	419618.0	735517.0	1992603.0	15745785.0	22099467.0
	14.0	15.0	16.0	17.0	18.0	19.0	20.0	21.0	22.0	23.0	24.0	25.0	26.0	27.0	28.0	29.0	30.0	31.0	32.0	33.0	34.0	35.0	36.0	37.0
ES48_Blue-45_MG-protein_14_1	1.0	3.0	10.0	25.0	61.0	170.0	450.0	1055.0	2604.0	5442.0	11202.0	22001.0	40901.0	73712.0	125655.0	198394.0	287735.0	398363.0	542314.0	764815.0	1194673.0	2472063.0	15300585.0	24118210.0
	10.0	11.0	12.0	13.0	14.0	15.0	16.0	17.0	18.0	19.0	20.0	21.0	22.0	23.0	24.0	25.0	26.0	27.0	28.0	29.0	30.0	31.0	32.0	33.0	34.0	35.0	36.0	37.0
ES48_Blue-45_MG-protein_14_2	1.0	59.0	998.0	6285.0	18585.0	41520.0	69772.0	89608.0	99025.0	107516.0	124144.0	148302.0	166880.0	168625.0	155290.0	140432.0	131358.0	132240.0	144611.0	165950.0	198014.0	247656.0	331134.0	493372.0	904383.0	2515330.0	17597618.0	21361736.0
	15.0	16.0	17.0	18.0	19.0	20.0	21.0	22.0	23.0	24.0	25.0	26.0	27.0	28.0	29.0	30.0	31.0	32.0	33.0	34.0	35.0	36.0	37.0
ES49_Blue-024_Control-protein_0_1	5.0	12.0	23.0	77.0	229.0	571.0	1434.0	3210.0	6994.0	14177.0	27524.0	50720.0	88724.0	146046.0	219486.0	302260.0	387316.0	493570.0	652376.0	946418.0	1857699.0	13196619.0	26149912.0
	9.0	10.0	11.0	12.0	13.0	14.0	15.0	16.0	17.0	18.0	19.0	20.0	21.0	22.0	23.0	24.0	25.0	26.0	27.0	28.0	29.0	30.0	31.0	32.0	33.0	34.0	35.0	36.0	37.0
ES49_Blue-024_Control-protein_0_2	1.0	0.0	158.0	1841.0	11792.0	32724.0	66339.0	102308.0	125568.0	138723.0	154022.0	185601.0	228799.0	261950.0	258995.0	226098.0	188089.0	160670.0	147624.0	145506.0	154844.0	174366.0	208267.0	267579.0	380744.0	649360.0	1720439.0	14820907.0	23732088.0
	13.0	14.0	15.0	16.0	17.0	18.0	19.0	20.0	21.0	22.0	23.0	24.0	25.0	26.0	27.0	28.0	29.0	30.0	31.0	32.0	33.0	34.0	35.0	36.0	37.0
ES4_164_Control-protein_0_1	1.0	3.0	2.0	11.0	36.0	78.0	235.0	581.0	1430.0	3310.0	6881.0	14112.0	27474.0	50044.0	88033.0	144791.0	219607.0	306148.0	397050.0	508649.0	675339.0	987208.0	1956793.0	13613202.0	26133163.0
	9.0	10.0	11.0	12.0	13.0	14.0	15.0	16.0	17.0	18.0	19.0	20.0	21.0	22.0	23.0	24.0	25.0	26.0	27.0	28.0	29.0	30.0	31.0	32.0	33.0	34.0	35.0	36.0	37.0
ES4_164_Control-protein_0_2	1.0	1.0	104.0	1557.0	10752.0	31313.0	66549.0	108473.0	136156.0	147763.0	161336.0	190473.0	231122.0	261730.0	262572.0	232793.0	197555.0	172841.0	160612.0	160580.0	171134.0	192454.0	225885.0	288162.0	406755.0	704171.0	1936469.0	16114768.0	22560100.0
	14.0	15.0	16.0	17.0	18.0	19.0	20.0	21.0	22.0	23.0	24.0	25.0	26.0	27.0	28.0	29.0	30.0	31.0	32.0	33.0	34.0	35.0	36.0	37.0
ES50_Blue-024_Control-protein_14_1	1.0	2.0	7.0	18.0	83.0	192.0	468.0	1196.0	2592.0	5764.0	11968.0	23136.0	42921.0	76883.0	128118.0	195389.0	271273.0	354167.0	459419.0	620865.0	929666.0	1841102.0	12358793.0	22459064.0
	8.0	9.0	10.0	11.0	12.0	13.0	14.0	15.0	16.0	17.0	18.0	19.0	20.0	21.0	22.0	23.0	24.0	25.0	26.0	27.0	28.0	29.0	30.0	31.0	32.0	33.0	34.0	35.0	36.0	37.0
ES50_Blue-024_Control-protein_14_2	1.0	0.0	2.0	139.0	1735.0	10348.0	30421.0	63957.0	102144.0	124997.0	135106.0	147194.0	174103.0	210142.0	239039.0	237775.0	207600.0	172144.0	145825.0	135041.0	134548.0	142353.0	161889.0	193183.0	248356.0	354151.0	603426.0	1565383.0	13040295.0	21201790.0
	15.0	16.0	17.0	18.0	19.0	20.0	21.0	22.0	23.0	24.0	25.0	26.0	27.0	28.0	29.0	30.0	31.0	32.0	33.0	34.0	35.0	36.0	37.0
ES51_Blue-024_Control-protein_21_1	3.0	10.0	24.0	60.0	172.0	382.0	1051.0	2572.0	5412.0	10914.0	21185.0	39529.0	70813.0	119861.0	186620.0	262388.0	343544.0	445323.0	598440.0	884255.0	1751062.0	11838571.0	21992064.0
	11.0	12.0	13.0	14.0	15.0	16.0	17.0	18.0	19.0	20.0	21.0	22.0	23.0	24.0	25.0	26.0	27.0	28.0	29.0	30.0	31.0	32.0	33.0	34.0	35.0	36.0	37.0
ES51_Blue-024_Control-protein_21_2	116.0	1410.0	8594.0	24149.0	50507.0	81366.0	102178.0	112778.0	124902.0	147020.0	178002.0	200003.0	197843.0	175802.0	152301.0	137910.0	134596.0	141046.0	157574.0	180766.0	220200.0	288291.0	417551.0	748420.0	2062492.0	14691762.0	17836676.0
	12.0	13.0	14.0	15.0	16.0	17.0	18.0	19.0	20.0	21.0	22.0	23.0	24.0	25.0	26.0	27.0	28.0	29.0	30.0	31.0	32.0	33.0	34.0	35.0	36.0	37.0
ES52_SEM19-1481_MG-lipid_14_1	1.0	0.0	0.0	6.0	13.0	25.0	72.0	206.0	561.0	1333.0	2889.0	6161.0	12297.0	23585.0	43164.0	75957.0	127638.0	199357.0	282978.0	375567.0	491244.0	662741.0	983260.0	1945469.0	13646585.0	26600776.0
	11.0	12.0	13.0	14.0	15.0	16.0	17.0	18.0	19.0	20.0	21.0	22.0	23.0	24.0	25.0	26.0	27.0	28.0	29.0	30.0	31.0	32.0	33.0	34.0	35.0	36.0	37.0
ES52_SEM19-1481_MG-lipid_14_2	149.0	2025.0	12213.0	34759.0	72046.0	115585.0	145207.0	162375.0	178570.0	211099.0	252428.0	278516.0	270030.0	235489.0	202257.0	180634.0	172118.0	178545.0	194694.0	223212.0	271256.0	353187.0	509490.0	895391.0	2384574.0	16915770.0	21030266.0
	15.0	16.0	17.0	18.0	19.0	20.0	21.0	22.0	23.0	24.0	25.0	26.0	27.0	28.0	29.0	30.0	31.0	32.0	33.0	34.0	35.0	36.0	37.0
ES53_SEM19-74_MG-protein_0_1	3.0	9.0	23.0	70.0	191.0	457.0	1090.0	2347.0	5176.0	10775.0	21021.0	38474.0	68490.0	115037.0	176572.0	246338.0	323425.0	420103.0	563784.0	841571.0	1658896.0	12557268.0	24467337.0
	7.0	8.0	9.0	10.0	11.0	12.0	13.0	14.0	15.0	16.0	17.0	18.0	19.0	20.0	21.0	22.0	23.0	24.0	25.0	26.0	27.0	28.0	29.0	30.0	31.0	32.0	33.0	34.0	35.0	36.0	37.0
ES53_SEM19-74_MG-protein_0_2	1.0	1.0	0.0	0.0	105.0	1426.0	9430.0	27943.0	60141.0	99274.0	122056.0	131796.0	141845.0	165147.0	199477.0	225613.0	224516.0	198301.0	166755.0	146028.0	136625.0	137647.0	148690.0	167848.0	199104.0	251229.0	348894.0	592082.0	1637200.0	14580841.0	21398442.0
	15.0	16.0	17.0	18.0	19.0	20.0	21.0	22.0	23.0	24.0	25.0	26.0	27.0	28.0	29.0	30.0	31.0	32.0	33.0	34.0	35.0	36.0	37.0
ES54_SEM19-74_MG-protein_14_1	4.0	7.0	16.0	61.0	182.0	488.0	1154.0	2728.0	6019.0	12317.0	23310.0	43978.0	78004.0	132430.0	206195.0	295165.0	402478.0	542894.0	764819.0	1184346.0	2428310.0	14446535.0	22414494.0
	10.0	11.0	12.0	13.0	14.0	15.0	16.0	17.0	18.0	19.0	20.0	21.0	22.0	23.0	24.0	25.0	26.0	27.0	28.0	29.0	30.0	31.0	32.0	33.0	34.0	35.0	36.0	37.0
ES54_SEM19-74_MG-protein_14_2	1.0	83.0	1422.0	8805.0	26307.0	58522.0	96322.0	121138.0	131006.0	140578.0	161857.0	194424.0	218512.0	216254.0	189160.0	158182.0	137077.0	128159.0	129742.0	143408.0	166752.0	207189.0	278977.0	421830.0	781432.0	2157901.0	15691114.0	21019780.0
	15.0	16.0	17.0	18.0	19.0	20.0	21.0	22.0	23.0	24.0	25.0	26.0	27.0	28.0	29.0	30.0	31.0	32.0	33.0	34.0	35.0	36.0	37.0
ES55_SEM19-74_MG-protein_21_1	3.0	3.0	25.0	62.0	175.0	487.0	1216.0	2769.0	5778.0	11789.0	22419.0	41689.0	74711.0	125655.0	194629.0	270964.0	349959.0	448193.0	594676.0	867134.0	1720096.0	12011667.0	21630352.0
	8.0	9.0	10.0	11.0	12.0	13.0	14.0	15.0	16.0	17.0	18.0	19.0	20.0	21.0	22.0	23.0	24.0	25.0	26.0	27.0	28.0	29.0	30.0	31.0	32.0	33.0	34.0	35.0	36.0	37.0
ES55_SEM19-74_MG-protein_21_2	1.0	0.0	3.0	114.0	1553.0	9968.0	28132.0	58058.0	94142.0	118423.0	132787.0	145767.0	171292.0	204041.0	225936.0	221015.0	194472.0	162680.0	142203.0	133450.0	135962.0	147528.0	169072.0	203815.0	263110.0	378439.0	656489.0	1771611.0	13812642.0	18791746.0
	14.0	15.0	16.0	17.0	18.0	19.0	20.0	21.0	22.0	23.0	24.0	25.0	26.0	27.0	28.0	29.0	30.0	31.0	32.0	33.0	34.0	35.0	36.0	37.0
ES56_Blue-050_Control-lipid_21_1	1.0	2.0	6.0	24.0	63.0	223.0	523.0	1361.0	3041.0	6433.0	12842.0	25755.0	47863.0	85544.0	144284.0	222163.0	308507.0	398945.0	513253.0	680849.0	992943.0	1961428.0	14699021.0	28903364.0
	7.0	8.0	9.0	10.0	11.0	12.0	13.0	14.0	15.0	16.0	17.0	18.0	19.0	20.0	21.0	22.0	23.0	24.0	25.0	26.0	27.0	28.0	29.0	30.0	31.0	32.0	33.0	34.0	35.0	36.0	37.0
ES56_Blue-050_Control-lipid_21_2	1.0	0.0	0.0	0.0	89.0	1586.0	10741.0	32066.0	69477.0	116212.0	148240.0	164567.0	181582.0	216586.0	266253.0	300177.0	290599.0	246519.0	202219.0	171784.0	158100.0	156378.0	164753.0	181671.0	212033.0	264205.0	362239.0	593204.0	1553364.0	15561489.0	27382304.0
	13.0	14.0	15.0	16.0	17.0	18.0	19.0	20.0	21.0	22.0	23.0	24.0	25.0	26.0	27.0	28.0	29.0	30.0	31.0	32.0	33.0	34.0	35.0	36.0	37.0
ES57_Blue-031_MG-lipid_0_1	1.0	0.0	3.0	6.0	26.0	97.0	174.0	531.0	1225.0	2936.0	6547.0	13414.0	26883.0	49969.0	88320.0	147257.0	224795.0	312389.0	407387.0	525474.0	697814.0	1007283.0	1947265.0	14739433.0	32700900.0
	7.0	8.0	9.0	10.0	11.0	12.0	13.0	14.0	15.0	16.0	17.0	18.0	19.0	20.0	21.0	22.0	23.0	24.0	25.0	26.0	27.0	28.0	29.0	30.0	31.0	32.0	33.0	34.0	35.0	36.0	37.0
ES57_Blue-031_MG-lipid_0_2	1.0	0.0	2.0	1.0	104.0	1471.0	8675.0	23986.0	49972.0	78874.0	94138.0	100814.0	108987.0	130781.0	162634.0	189766.0	194115.0	177176.0	156144.0	143493.0	141939.0	151985.0	171629.0	201333.0	244052.0	315143.0	442407.0	748737.0	2031295.0	18459635.0	28370840.0
	14.0	15.0	16.0	17.0	18.0	19.0	20.0	21.0	22.0	23.0	24.0	25.0	26.0	27.0	28.0	29.0	30.0	31.0	32.0	33.0	34.0	35.0	36.0	37.0
ES58_Blue-032_MG-protein_0_1	2.0	4.0	15.0	33.0	82.0	241.0	694.0	1617.0	3754.0	7783.0	15812.0	29867.0	54651.0	96521.0	160643.0	248777.0	349774.0	457344.0	593453.0	800706.0	1172206.0	2311787.0	15404077.0	28684882.0
	9.0	10.0	11.0	12.0	13.0	14.0	15.0	16.0	17.0	18.0	19.0	20.0	21.0	22.0	23.0	24.0	25.0	26.0	27.0	28.0	29.0	30.0	31.0	32.0	33.0	34.0	35.0	36.0	37.0
ES58_Blue-032_MG-protein_0_2	2.0	5.0	149.0	1967.0	12298.0	34676.0	72398.0	116478.0	142558.0	158761.0	175541.0	208460.0	252581.0	281494.0	276848.0	244039.0	207076.0	182917.0	172016.0	175877.0	190117.0	217850.0	262439.0	338620.0	484687.0	838408.0	2227642.0	17663585.0	25455236.0
	15.0	16.0	17.0	18.0	19.0	20.0	21.0	22.0	23.0	24.0	25.0	26.0	27.0	28.0	29.0	30.0	31.0	32.0	33.0	34.0	35.0	36.0	37.0
ES59_Blue-032_MG-protein_14_1	4.0	10.0	34.0	76.0	214.0	580.0	1404.0	3091.0	6690.0	13901.0	26493.0	48108.0	85937.0	143159.0	219376.0	307889.0	405196.0	524743.0	707854.0	1051617.0	2090447.0	14716707.0	27307487.0
	9.0	10.0	11.0	12.0	13.0	14.0	15.0	16.0	17.0	18.0	19.0	20.0	21.0	22.0	23.0	24.0	25.0	26.0	27.0	28.0	29.0	30.0	31.0	32.0	33.0	34.0	35.0	36.0	37.0
ES59_Blue-032_MG-protein_14_2	2.0	1.0	122.0	1675.0	11139.0	32593.0	67930.0	112006.0	142263.0	158173.0	174799.0	205928.0	249240.0	279155.0	277363.0	242047.0	202153.0	172954.0	157254.0	155512.0	163935.0	182637.0	215866.0	275046.0	386411.0	658521.0	1773629.0	15821588.0	25541075.0
	14.0	15.0	16.0	17.0	18.0	19.0	20.0	21.0	22.0	23.0	24.0	25.0	26.0	27.0	28.0	29.0	30.0	31.0	32.0	33.0	34.0	35.0	36.0	37.0
ES5_164_Control-protein_14_1	1.0	7.0	13.0	33.0	64.0	206.0	474.0	1152.0	2518.0	5341.0	10975.0	21083.0	38649.0	68901.0	115203.0	178213.0	251622.0	334423.0	438354.0	593134.0	873349.0	1730392.0	12479079.0	25247107.0
	8.0	9.0	10.0	11.0	12.0	13.0	14.0	15.0	16.0	17.0	18.0	19.0	20.0	21.0	22.0	23.0	24.0	25.0	26.0	27.0	28.0	29.0	30.0	31.0	32.0	33.0	34.0	35.0	36.0	37.0
ES5_164_Control-protein_14_2	1.0	0.0	0.0	122.0	1720.0	10272.0	28690.0	59850.0	93117.0	113800.0	123392.0	133168.0	156973.0	189414.0	214173.0	215434.0	192306.0	165569.0	146412.0	139167.0	143110.0	157552.0	181166.0	217465.0	280768.0	394328.0	672326.0	1778536.0	14749648.0	21831814.0
	15.0	16.0	17.0	18.0	19.0	20.0	21.0	22.0	23.0	24.0	25.0	26.0	27.0	28.0	29.0	30.0	31.0	32.0	33.0	34.0	35.0	36.0	37.0
ES60_Blue-032_MG-protein_21_1	2.0	7.0	32.0	89.0	203.0	503.0	1255.0	2795.0	6160.0	11867.0	23323.0	42430.0	74551.0	124687.0	191804.0	270968.0	361633.0	477330.0	650742.0	976646.0	1964814.0	13300393.0	24359346.0
	8.0	9.0	10.0	11.0	12.0	13.0	14.0	15.0	16.0	17.0	18.0	19.0	20.0	21.0	22.0	23.0	24.0	25.0	26.0	27.0	28.0	29.0	30.0	31.0	32.0	33.0	34.0	35.0	36.0	37.0
ES60_Blue-032_MG-protein_21_2	1.0	0.0	2.0	103.0	1721.0	10573.0	29885.0	64408.0	104686.0	130237.0	144193.0	159708.0	188904.0	224443.0	251566.0	248835.0	219796.0	186151.0	162661.0	152521.0	154487.0	167236.0	191579.0	230557.0	298135.0	431544.0	751430.0	2016143.0	15453575.0	20866500.0
	15.0	16.0	17.0	18.0	19.0	20.0	21.0	22.0	23.0	24.0	25.0	26.0	27.0	28.0	29.0	30.0	31.0	32.0	33.0	34.0	35.0	36.0	37.0
ES61_Blue-035_MG-protein_0_1	1.0	3.0	21.0	48.0	146.0	403.0	950.0	2226.0	5074.0	10224.0	20669.0	37280.0	65966.0	108071.0	163856.0	230934.0	307461.0	405997.0	549280.0	816577.0	1622535.0	11823111.0	22961484.0
	11.0	12.0	13.0	14.0	15.0	16.0	17.0	18.0	19.0	20.0	21.0	22.0	23.0	24.0	25.0	26.0	27.0	28.0	29.0	30.0	31.0	32.0	33.0	34.0	35.0	36.0	37.0
ES61_Blue-035_MG-protein_0_2	127.0	1573.0	8949.0	23885.0	49125.0	75821.0	91421.0	98819.0	107685.0	127530.0	154657.0	174726.0	176206.0	160039.0	141859.0	130588.0	129230.0	137225.0	154856.0	181762.0	222982.0	293904.0	426901.0	757102.0	2034821.0	14671639.0	18598885.0
	15.0	16.0	17.0	18.0	19.0	20.0	21.0	22.0	23.0	24.0	25.0	26.0	27.0	28.0	29.0	30.0	31.0	32.0	33.0	34.0	35.0	36.0	37.0
ES62_Blue-035_MG-protein_14_1	4.0	12.0	28.0	65.0	188.0	540.0	1203.0	2748.0	5931.0	12032.0	22632.0	41710.0	75079.0	126645.0	195020.0	278387.0	372111.0	489688.0	669661.0	1003820.0	2025227.0	14209771.0	25367948.0
	11.0	12.0	13.0	14.0	15.0	16.0	17.0	18.0	19.0	20.0	21.0	22.0	23.0	24.0	25.0	26.0	27.0	28.0	29.0	30.0	31.0	32.0	33.0	34.0	35.0	36.0	37.0
ES62_Blue-035_MG-protein_14_2	136.0	2061.0	11812.0	33310.0	71098.0	112878.0	138192.0	151060.0	163180.0	189657.0	227652.0	253101.0	251022.0	223785.0	193696.0	171969.0	163757.0	168512.0	184831.0	210192.0	250954.0	321123.0	455442.0	784938.0	2123939.0	16358021.0	21684132.0
	14.0	15.0	16.0	17.0	18.0	19.0	20.0	21.0	22.0	23.0	24.0	25.0	26.0	27.0	28.0	29.0	30.0	31.0	32.0	33.0	34.0	35.0	36.0	37.0
ES63_Blue-035_MG-protein_21_1	2.0	3.0	7.0	20.0	89.0	164.0	459.0	1025.0	2331.0	4819.0	10128.0	19592.0	36410.0	65434.0	110198.0	171979.0	245448.0	326391.0	428894.0	580008.0	858589.0	1706328.0	12398128.0	24298024.0
	10.0	11.0	12.0	13.0	14.0	15.0	16.0	17.0	18.0	19.0	20.0	21.0	22.0	23.0	24.0	25.0	26.0	27.0	28.0	29.0	30.0	31.0	32.0	33.0	34.0	35.0	36.0	37.0
ES63_Blue-035_MG-protein_21_2	1.0	121.0	1957.0	10703.0	29239.0	61942.0	95345.0	114182.0	120059.0	129836.0	152869.0	186610.0	211834.0	212121.0	191292.0	167004.0	152052.0	148940.0	157175.0	175557.0	204602.0	246277.0	316608.0	449583.0	789622.0	2190327.0	16013581.0	18735031.0
	14.0	15.0	16.0	17.0	18.0	19.0	20.0	21.0	22.0	23.0	24.0	25.0	26.0	27.0	28.0	29.0	30.0	31.0	32.0	33.0	34.0	35.0	36.0	37.0
ES64_SEM19-1481_MG-lipid_21_1	2.0	2.0	14.0	25.0	67.0	204.0	531.0	1338.0	2936.0	6380.0	12790.0	24702.0	44889.0	79551.0	132619.0	204102.0	289323.0	384381.0	504097.0	683507.0	1012781.0	2021547.0	14310447.0	26961947.0
	11.0	12.0	13.0	14.0	15.0	16.0	17.0	18.0	19.0	20.0	21.0	22.0	23.0	24.0	25.0	26.0	27.0	28.0	29.0	30.0	31.0	32.0	33.0	34.0	35.0	36.0	37.0
ES64_SEM19-1481_MG-lipid_21_2	160.0	2061.0	11673.0	31572.0	62691.0	96395.0	119541.0	132132.0	146285.0	173741.0	209742.0	232153.0	225548.0	201596.0	178106.0	165880.0	164152.0	174024.0	195014.0	226784.0	278568.0	363782.0	535495.0	967974.0	2675987.0	18177670.0	20929456.0
	13.0	14.0	15.0	16.0	17.0	18.0	19.0	20.0	21.0	22.0	23.0	24.0	25.0	26.0	27.0	28.0	29.0	30.0	31.0	32.0	33.0	34.0	35.0	36.0	37.0
ES65_106_NA_0_1	2.0	0.0	5.0	9.0	21.0	82.0	234.0	581.0	1347.0	3036.0	6549.0	13008.0	25233.0	46802.0	83416.0	140005.0	214698.0	299542.0	389713.0	497154.0	663489.0	961433.0	1887773.0	13565955.0	27115252.0
	10.0	11.0	12.0	13.0	14.0	15.0	16.0	17.0	18.0	19.0	20.0	21.0	22.0	23.0	24.0	25.0	26.0	27.0	28.0	29.0	30.0	31.0	32.0	33.0	34.0	35.0	36.0	37.0
ES65_106_NA_0_2	2.0	160.0	1863.0	11988.0	34593.0	73922.0	120156.0	149570.0	162035.0	174469.0	204517.0	247432.0	279374.0	277426.0	242939.0	202715.0	174137.0	159366.0	158136.0	168318.0	187955.0	220954.0	275108.0	378158.0	619391.0	1639389.0	15228935.0	24522331.0
	15.0	16.0	17.0	18.0	19.0	20.0	21.0	22.0	23.0	24.0	25.0	26.0	27.0	28.0	29.0	30.0	31.0	32.0	33.0	34.0	35.0	36.0	37.0
ES66_617_Control-protein_14_1	3.0	10.0	39.0	99.0	211.0	539.0	1248.0	2970.0	6186.0	12371.0	23811.0	43892.0	78614.0	132758.0	205177.0	287573.0	375054.0	479179.0	638624.0	929815.0	1820315.0	12940719.0	25410044.0
	9.0	10.0	11.0	12.0	13.0	14.0	15.0	16.0	17.0	18.0	19.0	20.0	21.0	22.0	23.0	24.0	25.0	26.0	27.0	28.0	29.0	30.0	31.0	32.0	33.0	34.0	35.0	36.0	37.0
ES66_617_Control-protein_14_2	1.0	2.0	167.0	2075.0	13268.0	38372.0	79786.0	126741.0	153581.0	166430.0	180767.0	213549.0	257371.0	286676.0	280121.0	241687.0	199244.0	170052.0	156168.0	155533.0	165190.0	184746.0	217976.0	276571.0	388007.0	666798.0	1836813.0	15385507.0	21546052.0
	14.0	15.0	16.0	17.0	18.0	19.0	20.0	21.0	22.0	23.0	24.0	25.0	26.0	27.0	28.0	29.0	30.0	31.0	32.0	33.0	34.0	35.0	36.0	37.0
ES67_Blue-037_MG-protein_0_1	1.0	1.0	13.0	31.0	69.0	188.0	563.0	1459.0	3246.0	7087.0	14027.0	26499.0	48032.0	82058.0	133030.0	202906.0	286345.0	381479.0	500464.0	688376.0	1030984.0	2074540.0	13495877.0	24136770.0
	8.0	9.0	10.0	11.0	12.0	13.0	14.0	15.0	16.0	17.0	18.0	19.0	20.0	21.0	22.0	23.0	24.0	25.0	26.0	27.0	28.0	29.0	30.0	31.0	32.0	33.0	34.0	35.0	36.0	37.0
ES67_Blue-037_MG-protein_0_2	1.0	0.0	1.0	169.0	2002.0	11895.0	32915.0	68002.0	107441.0	133498.0	148951.0	166253.0	197939.0	236127.0	260050.0	255331.0	227621.0	195551.0	173758.0	164066.0	165847.0	179924.0	204470.0	247383.0	319860.0	457695.0	782527.0	2006944.0	15037812.0	21330012.0
	14.0	15.0	16.0	17.0	18.0	19.0	20.0	21.0	22.0	23.0	24.0	25.0	26.0	27.0	28.0	29.0	30.0	31.0	32.0	33.0	34.0	35.0	36.0	37.0
ES68_Blue-037_MG-protein_14_1	2.0	7.0	6.0	28.0	57.0	160.0	429.0	1005.0	2392.0	5202.0	10495.0	19777.0	36648.0	66520.0	111828.0	174817.0	248575.0	332558.0	435873.0	593640.0	887542.0	1788435.0	12286693.0	21870577.0
	10.0	11.0	12.0	13.0	14.0	15.0	16.0	17.0	18.0	19.0	20.0	21.0	22.0	23.0	24.0	25.0	26.0	27.0	28.0	29.0	30.0	31.0	32.0	33.0	34.0	35.0	36.0	37.0
ES68_Blue-037_MG-protein_14_2	1.0	147.0	2075.0	11842.0	32449.0	67831.0	107770.0	131433.0	142346.0	155108.0	179301.0	212340.0	233142.0	227646.0	202835.0	175328.0	157921.0	151020.0	155905.0	170983.0	195053.0	234460.0	302151.0	435868.0	772257.0	2103076.0	14760753.0	17552225.0
	15.0	16.0	17.0	18.0	19.0	20.0	21.0	22.0	23.0	24.0	25.0	26.0	27.0	28.0	29.0	30.0	31.0	32.0	33.0	34.0	35.0	36.0	37.0
ES69_Blue-037_MG-protein_21_1	3.0	7.0	37.0	74.0	194.0	490.0	1250.0	2762.0	6068.0	12442.0	23620.0	43235.0	75893.0	123658.0	190311.0	268239.0	356691.0	470083.0	638824.0	951910.0	1881065.0	12615094.0	23876364.0
	10.0	11.0	12.0	13.0	14.0	15.0	16.0	17.0	18.0	19.0	20.0	21.0	22.0	23.0	24.0	25.0	26.0	27.0	28.0	29.0	30.0	31.0	32.0	33.0	34.0	35.0	36.0	37.0
ES69_Blue-037_MG-protein_21_2	1.0	140.0	1767.0	10133.0	28079.0	60123.0	96719.0	119684.0	129575.0	142702.0	167148.0	198745.0	223330.0	222749.0	201400.0	173791.0	154294.0	145218.0	148844.0	161782.0	184933.0	223310.0	287573.0	409568.0	706423.0	1851505.0	14565946.0	20922832.0
	15.0	16.0	17.0	18.0	19.0	20.0	21.0	22.0	23.0	24.0	25.0	26.0	27.0	28.0	29.0	30.0	31.0	32.0	33.0	34.0	35.0	36.0	37.0
ES6_164_Control-protein_21_1	2.0	9.0	25.0	41.0	189.0	448.0	1158.0	2636.0	5783.0	11514.0	22514.0	40978.0	71983.0	118007.0	180216.0	255232.0	340780.0	453844.0	621545.0	939658.0	1908412.0	13286281.0	23293314.0
	11.0	12.0	13.0	14.0	15.0	16.0	17.0	18.0	19.0	20.0	21.0	22.0	23.0	24.0	25.0	26.0	27.0	28.0	29.0	30.0	31.0	32.0	33.0	34.0	35.0	36.0	37.0
ES6_164_Control-protein_21_2	109.0	1802.0	9920.0	26633.0	53841.0	84029.0	102655.0	112230.0	122530.0	143432.0	171204.0	191729.0	192399.0	178213.0	164627.0	157294.0	160443.0	173296.0	195461.0	230088.0	281684.0	371144.0	551735.0	1008684.0	2773784.0	16946518.0	17149085.0
	15.0	16.0	17.0	18.0	19.0	20.0	21.0	22.0	23.0	24.0	25.0	26.0	27.0	28.0	29.0	30.0	31.0	32.0	33.0	34.0	35.0	36.0	37.0
ES70_Blue-039_Control-lipid_0_1	1.0	9.0	23.0	74.0	197.0	576.0	1363.0	3380.0	7133.0	14769.0	28464.0	53432.0	95544.0	162398.0	250625.0	355316.0	468001.0	607616.0	820840.0	1204732.0	2387963.0	16731167.0	31884406.0
	7.0	8.0	9.0	10.0	11.0	12.0	13.0	14.0	15.0	16.0	17.0	18.0	19.0	20.0	21.0	22.0	23.0	24.0	25.0	26.0	27.0	28.0	29.0	30.0	31.0	32.0	33.0	34.0	35.0	36.0	37.0
ES70_Blue-039_Control-lipid_0_2	1.0	0.0	3.0	1.0	108.0	1754.0	10937.0	30860.0	66728.0	106829.0	133629.0	144950.0	157309.0	186949.0	227146.0	258894.0	258894.0	230457.0	198428.0	177667.0	170392.0	178428.0	196006.0	226842.0	273758.0	351526.0	500019.0	860821.0	2306841.0	19145822.0	28676030.0
	15.0	16.0	17.0	18.0	19.0	20.0	21.0	22.0	23.0	24.0	25.0	26.0	27.0	28.0	29.0	30.0	31.0	32.0	33.0	34.0	35.0	36.0	37.0
ES71_Blue-039_Control-lipid_14_1	1.0	6.0	17.0	64.0	148.0	451.0	998.0	2452.0	5238.0	10632.0	20595.0	37931.0	67460.0	113280.0	176053.0	248402.0	331550.0	436275.0	593721.0	886153.0	1765918.0	12013164.0	22381750.0
	10.0	11.0	12.0	13.0	14.0	15.0	16.0	17.0	18.0	19.0	20.0	21.0	22.0	23.0	24.0	25.0	26.0	27.0	28.0	29.0	30.0	31.0	32.0	33.0	34.0	35.0	36.0	37.0
ES71_Blue-039_Control-lipid_14_2	1.0	95.0	1288.0	7866.0	22758.0	48731.0	79259.0	98980.0	108288.0	119262.0	140917.0	171053.0	192266.0	192656.0	172065.0	147640.0	130453.0	123673.0	127828.0	139829.0	163218.0	197275.0	257672.0	372569.0	648248.0	1727556.0	13685366.0	20015447.0
	15.0	16.0	17.0	18.0	19.0	20.0	21.0	22.0	23.0	24.0	25.0	26.0	27.0	28.0	29.0	30.0	31.0	32.0	33.0	34.0	35.0	36.0	37.0
ES72_Blue-039_Control-lipid_21_1	6.0	8.0	31.0	80.0	218.0	520.0	1313.0	3081.0	6556.0	13250.0	25183.0	46752.0	82968.0	140054.0	216683.0	303194.0	395655.0	511001.0	683789.0	1001643.0	1976077.0	13209902.0	24947772.0
	8.0	9.0	10.0	11.0	12.0	13.0	14.0	15.0	16.0	17.0	18.0	19.0	20.0	21.0	22.0	23.0	24.0	25.0	26.0	27.0	28.0	29.0	30.0	31.0	32.0	33.0	34.0	35.0	36.0	37.0
ES72_Blue-039_Control-lipid_21_2	1.0	0.0	1.0	167.0	2402.0	13879.0	38468.0	79234.0	123752.0	150416.0	163634.0	179610.0	212335.0	254225.0	284770.0	279443.0	244859.0	205869.0	179633.0	169002.0	172853.0	186445.0	214418.0	259239.0	335733.0	487374.0	857523.0	2274823.0	15950338.0	20245290.0
	12.0	13.0	14.0	15.0	16.0	17.0	18.0	19.0	20.0	21.0	22.0	23.0	24.0	25.0	26.0	27.0	28.0	29.0	30.0	31.0	32.0	33.0	34.0	35.0	36.0	37.0
ES73_Blue-042_MG-protein_0_1	1.0	0.0	0.0	3.0	10.0	43.0	98.0	247.0	715.0	1671.0	3813.0	7813.0	15755.0	30072.0	56116.0	98573.0	162044.0	247904.0	341102.0	444098.0	570412.0	757242.0	1096587.0	2137424.0	15589890.0	32505475.0
	8.0	9.0	10.0	11.0	12.0	13.0	14.0	15.0	16.0	17.0	18.0	19.0	20.0	21.0	22.0	23.0	24.0	25.0	26.0	27.0	28.0	29.0	30.0	31.0	32.0	33.0	34.0	35.0	36.0	37.0
ES73_Blue-042_MG-protein_0_2	1.0	2.0	0.0	179.0	2302.0	14626.0	41594.0	86333.0	136571.0	166943.0	178823.0	194215.0	230587.0	279957.0	317742.0	313808.0	274597.0	228877.0	196052.0	180169.0	178771.0	190154.0	212557.0	250224.0	314637.0	434898.0	717416.0	1888441.0	17871157.0	29165475.0
	14.0	15.0	16.0	17.0	18.0	19.0	20.0	21.0	22.0	23.0	24.0	25.0	26.0	27.0	28.0	29.0	30.0	31.0	32.0	33.0	34.0	35.0	36.0	37.0
ES74_Blue-042_MG-protein_14_1	2.0	1.0	5.0	20.0	78.0	234.0	581.0	1472.0	3345.0	7009.0	14219.0	28087.0	52543.0	95981.0	160696.0	250618.0	349477.0	452501.0	578871.0	766826.0	1125245.0	2250204.0	16080084.0	28638523.0
	8.0	9.0	10.0	11.0	12.0	13.0	14.0	15.0	16.0	17.0	18.0	19.0	20.0	21.0	22.0	23.0	24.0	25.0	26.0	27.0	28.0	29.0	30.0	31.0	32.0	33.0	34.0	35.0	36.0	37.0
ES74_Blue-042_MG-protein_14_2	1.0	0.0	0.0	186.0	2388.0	14567.0	40124.0	81502.0	130360.0	162103.0	178522.0	194161.0	228289.0	274381.0	302596.0	297756.0	261513.0	222755.0	197726.0	187504.0	194340.0	212089.0	241154.0	287923.0	365475.0	520047.0	918013.0	2648396.0	19909756.0	22782995.0
	15.0	16.0	17.0	18.0	19.0	20.0	21.0	22.0	23.0	24.0	25.0	26.0	27.0	28.0	29.0	30.0	31.0	32.0	33.0	34.0	35.0	36.0	37.0
ES75_Blue-042_MG-protein_21_1	1.0	11.0	33.0	64.0	204.0	521.0	1326.0	2943.0	6564.0	13854.0	27346.0	51967.0	94292.0	156514.0	241897.0	333049.0	427691.0	542425.0	713347.0	1029899.0	2015773.0	14451053.0	28642225.0
	11.0	12.0	13.0	14.0	15.0	16.0	17.0	18.0	19.0	20.0	21.0	22.0	23.0	24.0	25.0	26.0	27.0	28.0	29.0	30.0	31.0	32.0	33.0	34.0	35.0	36.0	37.0
ES75_Blue-042_MG-protein_21_2	93.0	1466.0	9574.0	28563.0	61477.0	99540.0	122181.0	128921.0	138857.0	163094.0	199555.0	229380.0	230678.0	205651.0	176401.0	154646.0	145483.0	148834.0	161913.0	183677.0	219188.0	276124.0	385570.0	641982.0	1741521.0	16630190.0	26268440.0
	14.0	15.0	16.0	17.0	18.0	19.0	20.0	21.0	22.0	23.0	24.0	25.0	26.0	27.0	28.0	29.0	30.0	31.0	32.0	33.0	34.0	35.0	36.0	37.0
ES76_Blue-043_MG-lipid_0_1	2.0	4.0	8.0	26.0	68.0	181.0	539.0	1242.0	2866.0	6035.0	12157.0	22849.0	42384.0	74835.0	123856.0	190141.0	268735.0	357511.0	466759.0	628855.0	935107.0	1869817.0	12941642.0	23753336.0
	8.0	9.0	10.0	11.0	12.0	13.0	14.0	15.0	16.0	17.0	18.0	19.0	20.0	21.0	22.0	23.0	24.0	25.0	26.0	27.0	28.0	29.0	30.0	31.0	32.0	33.0	34.0	35.0	36.0	37.0
ES76_Blue-043_MG-lipid_0_2	1.0	0.0	1.0	98.0	1389.0	8512.0	24466.0	50938.0	84450.0	108041.0	121111.0	133470.0	158057.0	189963.0	214516.0	211340.0	188810.0	161681.0	143817.0	137408.0	142386.0	157020.0	181467.0	216937.0	280530.0	398686.0	696170.0	1918654.0	15129002.0	20640034.0
	14.0	15.0	16.0	17.0	18.0	19.0	20.0	21.0	22.0	23.0	24.0	25.0	26.0	27.0	28.0	29.0	30.0	31.0	32.0	33.0	34.0	35.0	36.0	37.0
ES77_Blue-043_MG-lipid_14_1	1.0	1.0	9.0	31.0	88.0	212.0	532.0	1240.0	2851.0	5923.0	12409.0	24186.0	44340.0	77961.0	131522.0	203974.0	289219.0	386491.0	508106.0	690517.0	1023163.0	2061894.0	14626405.0	26717422.0
	10.0	11.0	12.0	13.0	14.0	15.0	16.0	17.0	18.0	19.0	20.0	21.0	22.0	23.0	24.0	25.0	26.0	27.0	28.0	29.0	30.0	31.0	32.0	33.0	34.0	35.0	36.0	37.0
ES77_Blue-043_MG-lipid_14_2	1.0	106.0	1530.0	8895.0	25104.0	53217.0	87676.0	112147.0	125047.0	137911.0	162134.0	193633.0	213896.0	211442.0	189106.0	164333.0	148114.0	142801.0	149448.0	165677.0	190564.0	229694.0	295883.0	415806.0	714844.0	1950557.0	16435997.0	24282934.0
	14.0	15.0	16.0	17.0	18.0	19.0	20.0	21.0	22.0	23.0	24.0	25.0	26.0	27.0	28.0	29.0	30.0	31.0	32.0	33.0	34.0	35.0	36.0	37.0
ES78_Blue-043_MG-lipid_21_1	2.0	2.0	9.0	26.0	66.0	192.0	517.0	1199.0	3042.0	6573.0	13377.0	25889.0	48177.0	85676.0	142483.0	218720.0	312029.0	415436.0	544930.0	737932.0	1087204.0	2160400.0	15309156.0	29756007.0
	8.0	9.0	10.0	11.0	12.0	13.0	14.0	15.0	16.0	17.0	18.0	19.0	20.0	21.0	22.0	23.0	24.0	25.0	26.0	27.0	28.0	29.0	30.0	31.0	32.0	33.0	34.0	35.0	36.0	37.0
ES78_Blue-043_MG-lipid_21_2	1.0	0.0	1.0	107.0	1492.0	9030.0	25452.0	53638.0	85275.0	105748.0	115571.0	125515.0	147143.0	177388.0	200422.0	201364.0	183734.0	162687.0	148523.0	145582.0	153011.0	169748.0	197947.0	239428.0	310189.0	439900.0	750255.0	1986060.0	17205180.0	27528653.0
	14.0	15.0	16.0	17.0	18.0	19.0	20.0	21.0	22.0	23.0	24.0	25.0	26.0	27.0	28.0	29.0	30.0	31.0	32.0	33.0	34.0	35.0	36.0	37.0
ES79_Blue-050_Control-lipid_0_1	1.0	2.0	8.0	23.0	65.0	178.0	487.0	1131.0	2682.0	5511.0	11326.0	22191.0	40930.0	72892.0	122126.0	187927.0	262924.0	346788.0	457323.0	623687.0	932858.0	1867087.0	12409164.0	22355992.0
	10.0	11.0	12.0	13.0	14.0	15.0	16.0	17.0	18.0	19.0	20.0	21.0	22.0	23.0	24.0	25.0	26.0	27.0	28.0	29.0	30.0	31.0	32.0	33.0	34.0	35.0	36.0	37.0
ES79_Blue-050_Control-lipid_0_2	3.0	147.0	1767.0	10775.0	30293.0	63949.0	99672.0	120554.0	130814.0	144247.0	170601.0	202955.0	225896.0	218672.0	190536.0	163110.0	146085.0	140650.0	148571.0	163474.0	190846.0	231694.0	304640.0	447838.0	797368.0	2135149.0	14894768.0	18348229.0
	15.0	16.0	17.0	18.0	19.0	20.0	21.0	22.0	23.0	24.0	25.0	26.0	27.0	28.0	29.0	30.0	31.0	32.0	33.0	34.0	35.0	36.0	37.0
ES7_SEM19-1354_Control-protein_14_1	2.0	7.0	25.0	64.0	195.0	531.0	1271.0	3042.0	6162.0	12467.0	24097.0	43853.0	76309.0	125946.0	191373.0	269208.0	359426.0	473323.0	643773.0	964181.0	1942278.0	13666269.0	24783166.0
	10.0	11.0	12.0	13.0	14.0	15.0	16.0	17.0	18.0	19.0	20.0	21.0	22.0	23.0	24.0	25.0	26.0	27.0	28.0	29.0	30.0	31.0	32.0	33.0	34.0	35.0	36.0	37.0
ES7_SEM19-1354_Control-protein_14_2	1.0	92.0	1141.0	7384.0	22184.0	47024.0	76064.0	94062.0	102533.0	112487.0	133404.0	161990.0	183231.0	184432.0	165773.0	144616.0	131201.0	128252.0	136386.0	152528.0	179822.0	221574.0	292086.0	425660.0	752656.0	2044822.0	15932492.0	21753071.0
	15.0	16.0	17.0	18.0	19.0	20.0	21.0	22.0	23.0	24.0	25.0	26.0	27.0	28.0	29.0	30.0	31.0	32.0	33.0	34.0	35.0	36.0	37.0
ES80_Blue-050_Control-lipid_14_1	5.0	5.0	28.0	78.0	187.0	431.0	1192.0	2624.0	5794.0	11800.0	23244.0	43405.0	78171.0	129513.0	198425.0	276236.0	359723.0	463528.0	624091.0	922892.0	1844612.0	12997126.0	24601586.0
	9.0	10.0	11.0	12.0	13.0	14.0	15.0	16.0	17.0	18.0	19.0	20.0	21.0	22.0	23.0	24.0	25.0	26.0	27.0	28.0	29.0	30.0	31.0	32.0	33.0	34.0	35.0	36.0	37.0
ES80_Blue-050_Control-lipid_14_2	2.0	0.0	152.0	1881.0	11274.0	31560.0	64903.0	101296.0	124351.0	135420.0	149772.0	178229.0	215115.0	236304.0	227995.0	200898.0	173992.0	160019.0	159951.0	170142.0	190797.0	224647.0	277997.0	373301.0	565909.0	1071822.0	2996841.0	17636932.0	16903194.0
	15.0	16.0	17.0	18.0	19.0	20.0	21.0	22.0	23.0	24.0	25.0	26.0	27.0	28.0	29.0	30.0	31.0	32.0	33.0	34.0	35.0	36.0	37.0
ES81_Blue-047_Control-lipid_0_1	1.0	8.0	26.0	78.0	218.0	594.0	1363.0	2997.0	6492.0	13037.0	25262.0	46771.0	83773.0	140363.0	214925.0	299202.0	388014.0	494200.0	658303.0	959128.0	1910823.0	13917629.0	26581396.0
	9.0	10.0	11.0	12.0	13.0	14.0	15.0	16.0	17.0	18.0	19.0	20.0	21.0	22.0	23.0	24.0	25.0	26.0	27.0	28.0	29.0	30.0	31.0	32.0	33.0	34.0	35.0	36.0	37.0
ES81_Blue-047_Control-lipid_0_2	1.0	1.0	94.0	1595.0	10583.0	31746.0	66793.0	113482.0	147727.0	164420.0	178158.0	207013.0	251841.0	282158.0	277813.0	242585.0	201358.0	171500.0	154923.0	152901.0	159622.0	176098.0	204662.0	255926.0	352255.0	583315.0	1587109.0	15347233.0	24421691.0
	14.0	15.0	16.0	17.0	18.0	19.0	20.0	21.0	22.0	23.0	24.0	25.0	26.0	27.0	28.0	29.0	30.0	31.0	32.0	33.0	34.0	35.0	36.0	37.0
ES82_Blue-047_Control-lipid_14_1	1.0	4.0	8.0	23.0	53.0	144.0	366.0	854.0	1976.0	4162.0	8459.0	16588.0	31191.0	56076.0	93773.0	144822.0	202696.0	269449.0	352929.0	481999.0	719269.0	1408795.0	9090709.0	17385742.0
	8.0	9.0	10.0	11.0	12.0	13.0	14.0	15.0	16.0	17.0	18.0	19.0	20.0	21.0	22.0	23.0	24.0	25.0	26.0	27.0	28.0	29.0	30.0	31.0	32.0	33.0	34.0	35.0	36.0	37.0
ES82_Blue-047_Control-lipid_14_2	1.0	0.0	0.0	108.0	1508.0	9094.0	25465.0	52137.0	83738.0	106844.0	117565.0	130583.0	155632.0	188751.0	211315.0	206920.0	180658.0	154274.0	136773.0	130502.0	133720.0	143849.0	162902.0	193504.0	247843.0	351549.0	613211.0	1642249.0	11390873.0	13498520.0
	14.0	15.0	16.0	17.0	18.0	19.0	20.0	21.0	22.0	23.0	24.0	25.0	26.0	27.0	28.0	29.0	30.0	31.0	32.0	33.0	34.0	35.0	36.0	37.0
ES83_SEM19-1481_MG-lipid_0_1	1.0	1.0	12.0	26.0	76.0	209.0	500.0	1175.0	2839.0	6312.0	12833.0	24794.0	46061.0	83182.0	138577.0	213444.0	300748.0	397727.0	516044.0	696842.0	1025962.0	2041064.0	14430512.0	27423883.0
	9.0	10.0	11.0	12.0	13.0	14.0	15.0	16.0	17.0	18.0	19.0	20.0	21.0	22.0	23.0	24.0	25.0	26.0	27.0	28.0	29.0	30.0	31.0	32.0	33.0	34.0	35.0	36.0	37.0
ES83_SEM19-1481_MG-lipid_0_2	1.0	0.0	124.0	1529.0	10424.0	31505.0	67995.0	110976.0	136500.0	146032.0	156958.0	182947.0	220014.0	248518.0	243212.0	212583.0	180474.0	157600.0	147886.0	149758.0	161551.0	182738.0	216736.0	276918.0	387603.0	655874.0	1762132.0	15948914.0	25365322.0
	14.0	15.0	16.0	17.0	18.0	19.0	20.0	21.0	22.0	23.0	24.0	25.0	26.0	27.0	28.0	29.0	30.0	31.0	32.0	33.0	34.0	35.0	36.0	37.0
ES84_LD19-239_MG-lipid_0_1	3.0	2.0	10.0	36.0	75.0	213.0	518.0	1391.0	3046.0	6239.0	12638.0	24314.0	44993.0	80903.0	137178.0	212258.0	300510.0	398960.0	518217.0	695562.0	1030547.0	2042840.0	14254547.0	27039558.0
	10.0	11.0	12.0	13.0	14.0	15.0	16.0	17.0	18.0	19.0	20.0	21.0	22.0	23.0	24.0	25.0	26.0	27.0	28.0	29.0	30.0	31.0	32.0	33.0	34.0	35.0	36.0	37.0
ES84_LD19-239_MG-lipid_0_2	1.0	102.0	1722.0	11068.0	32270.0	69579.0	110162.0	134228.0	143488.0	155181.0	182288.0	218147.0	246943.0	244924.0	218694.0	188828.0	167666.0	161185.0	167939.0	185935.0	215801.0	262234.0	341454.0	492017.0	871421.0	2369001.0	17424614.0	22187666.0
	13.0	14.0	15.0	16.0	17.0	18.0	19.0	20.0	21.0	22.0	23.0	24.0	25.0	26.0	27.0	28.0	29.0	30.0	31.0	32.0	33.0	34.0	35.0	36.0	37.0
ES85_orange-24_Control-protein_0_1	1.0	0.0	5.0	9.0	24.0	82.0	168.0	529.0	1257.0	2896.0	6504.0	13215.0	25900.0	47660.0	83598.0	136986.0	208374.0	291079.0	383699.0	502265.0	674913.0	987413.0	1929563.0	13323425.0	26619660.0
	9.0	10.0	11.0	12.0	13.0	14.0	15.0	16.0	17.0	18.0	19.0	20.0	21.0	22.0	23.0	24.0	25.0	26.0	27.0	28.0	29.0	30.0	31.0	32.0	33.0	34.0	35.0	36.0	37.0
ES85_orange-24_Control-protein_0_2	1.0	2.0	96.0	1474.0	8480.0	22710.0	47403.0	73785.0	91223.0	99545.0	109386.0	130345.0	159061.0	181154.0	183355.0	168670.0	151747.0	140493.0	137981.0	145684.0	159907.0	184680.0	220350.0	281556.0	395724.0	663886.0	1766988.0	15467039.0	24246500.0
	14.0	15.0	16.0	17.0	18.0	19.0	20.0	21.0	22.0	23.0	24.0	25.0	26.0	27.0	28.0	29.0	30.0	31.0	32.0	33.0	34.0	35.0	36.0	37.0
ES86_orange-24_Control-protein_14_1	1.0	0.0	5.0	23.0	56.0	152.0	371.0	951.0	2221.0	4593.0	9322.0	18175.0	33775.0	59920.0	100898.0	156087.0	222823.0	298440.0	396507.0	541670.0	803962.0	1612778.0	10996892.0	20478030.0
	11.0	12.0	13.0	14.0	15.0	16.0	17.0	18.0	19.0	20.0	21.0	22.0	23.0	24.0	25.0	26.0	27.0	28.0	29.0	30.0	31.0	32.0	33.0	34.0	35.0	36.0	37.0
ES86_orange-24_Control-protein_14_2	74.0	983.0	6055.0	17391.0	35873.0	57998.0	74401.0	82789.0	91467.0	109090.0	131085.0	148019.0	147864.0	134746.0	118210.0	108136.0	105379.0	110630.0	123828.0	144402.0	174150.0	224542.0	318489.0	545969.0	1446485.0	12201540.0	19078057.0
	15.0	16.0	17.0	18.0	19.0	20.0	21.0	22.0	23.0	24.0	25.0	26.0	27.0	28.0	29.0	30.0	31.0	32.0	33.0	34.0	35.0	36.0	37.0
ES87_orange-24_Control-protein_21_1	1.0	5.0	27.0	71.0	207.0	520.0	1402.0	3248.0	7457.0	15505.0	30068.0	52893.0	89604.0	144054.0	215264.0	296316.0	389774.0	509917.0	688197.0	1055727.0	2022721.0	13226654.0	25463168.0
	8.0	9.0	10.0	11.0	12.0	13.0	14.0	15.0	16.0	17.0	18.0	19.0	20.0	21.0	22.0	23.0	24.0	25.0	26.0	27.0	28.0	29.0	30.0	31.0	32.0	33.0	34.0	35.0	36.0	37.0
ES87_orange-24_Control-protein_21_2	1.0	0.0	1.0	103.0	1543.0	8986.0	24778.0	54787.0	91256.0	118902.0	130910.0	141240.0	159541.0	184036.0	203059.0	202855.0	183815.0	161552.0	146866.0	141091.0	145513.0	156287.0	176344.0	207692.0	261584.0	361138.0	601930.0	1587421.0	14428543.0	24331026.0
	15.0	16.0	17.0	18.0	19.0	20.0	21.0	22.0	23.0	24.0	25.0	26.0	27.0	28.0	29.0	30.0	31.0	32.0	33.0	34.0	35.0	36.0	37.0
ES88_610_MG-protein_0_1	3.0	7.0	19.0	77.0	199.0	446.0	1187.0	2722.0	6384.0	13125.0	26123.0	47446.0	83777.0	136877.0	206277.0	289157.0	381028.0	496254.0	667225.0	976537.0	1949527.0	14660541.0	29160363.0
	10.0	11.0	12.0	13.0	14.0	15.0	16.0	17.0	18.0	19.0	20.0	21.0	22.0	23.0	24.0	25.0	26.0	27.0	28.0	29.0	30.0	31.0	32.0	33.0	34.0	35.0	36.0	37.0
ES88_610_MG-protein_0_2	3.0	92.0	1081.0	6682.0	18843.0	39260.0	63813.0	79959.0	88053.0	95857.0	114197.0	139588.0	159712.0	162151.0	150405.0	137719.0	128904.0	127892.0	135730.0	154157.0	180068.0	217434.0	279075.0	389796.0	650626.0	1770217.0	17057616.0	26756371.0
	18.0	19.0	20.0	21.0	22.0	23.0	24.0	25.0	26.0	27.0	28.0	29.0	30.0	31.0	32.0	33.0	34.0	35.0	36.0	37.0
ES89_Blue-049_Control-protein_0_1	1.0	2.0	11.0	23.0	101.0	349.0	897.0	1488.0	1966.0	2688.0	3518.0	4679.0	5409.0	6218.0	7172.0	9727.0	40681.0	62563.0	58799.0	94518.0
	11.0	12.0	13.0	14.0	15.0	16.0	17.0	18.0	19.0	20.0	21.0	22.0	23.0	24.0	25.0	26.0	27.0	28.0	29.0	30.0	31.0	32.0	33.0	34.0	35.0	36.0	37.0
ES89_Blue-049_Control-protein_0_2	32.0	379.0	1228.0	2318.0	4362.0	7867.0	11464.0	14527.0	17441.0	18138.0	16190.0	13882.0	12711.0	13135.0	13910.0	14385.0	12893.0	10372.0	8797.0	6888.0	4258.0	2875.0	2654.0	3375.0	6246.0	28181.0	52302.0
	14.0	15.0	16.0	17.0	18.0	19.0	20.0	21.0	22.0	23.0	24.0	25.0	26.0	27.0	28.0	29.0	30.0	31.0	32.0	33.0	34.0	35.0	36.0	37.0
ES8_SEM19-1354_Control-protein_21_1	2.0	0.0	10.0	27.0	82.0	186.0	471.0	1118.0	2722.0	5488.0	11334.0	21814.0	40096.0	71434.0	122052.0	190468.0	271943.0	362556.0	475971.0	643756.0	948475.0	1881373.0	13697735.0	27466401.0
	9.0	10.0	11.0	12.0	13.0	14.0	15.0	16.0	17.0	18.0	19.0	20.0	21.0	22.0	23.0	24.0	25.0	26.0	27.0	28.0	29.0	30.0	31.0	32.0	33.0	34.0	35.0	36.0	37.0
ES8_SEM19-1354_Control-protein_21_2	1.0	0.0	110.0	1574.0	9553.0	28369.0	59633.0	95416.0	118525.0	130253.0	142966.0	167605.0	203568.0	229064.0	225300.0	198325.0	166902.0	145802.0	138565.0	142755.0	156470.0	180080.0	216683.0	277295.0	390773.0	664999.0	1778007.0	15589726.0	24757195.0
	14.0	15.0	16.0	17.0	18.0	19.0	20.0	21.0	22.0	23.0	24.0	25.0	26.0	27.0	28.0	29.0	30.0	31.0	32.0	33.0	34.0	35.0	36.0	37.0
ES90_Blue-049_Control-protein_14_1	1.0	4.0	13.0	34.0	92.0	228.0	564.0	1476.0	3243.0	6935.0	14054.0	27575.0	51512.0	91954.0	153686.0	233966.0	320671.0	409788.0	520305.0	681199.0	980009.0	1922472.0	13510632.0	26091107.0
	7.0	8.0	9.0	10.0	11.0	12.0	13.0	14.0	15.0	16.0	17.0	18.0	19.0	20.0	21.0	22.0	23.0	24.0	25.0	26.0	27.0	28.0	29.0	30.0	31.0	32.0	33.0	34.0	35.0	36.0	37.0
ES90_Blue-049_Control-protein_14_2	1.0	0.0	0.0	1.0	153.0	2217.0	14472.0	39974.0	77491.0	125252.0	158869.0	175479.0	190495.0	224996.0	270396.0	300055.0	291860.0	251516.0	208651.0	177874.0	162264.0	160108.0	168462.0	187367.0	218268.0	273537.0	373608.0	617329.0	1653175.0	15199748.0	23497902.0
	15.0	16.0	17.0	18.0	19.0	20.0	21.0	22.0	23.0	24.0	25.0	26.0	27.0	28.0	29.0	30.0	31.0	32.0	33.0	34.0	35.0	36.0	37.0
ES91_Blue-049_Control-protein_21_1	3.0	9.0	33.0	75.0	171.0	490.0	1218.0	2905.0	6046.0	12187.0	24050.0	44937.0	81216.0	138154.0	215507.0	301016.0	392711.0	503171.0	669520.0	978636.0	1910375.0	12855209.0	24700747.0
	10.0	11.0	12.0	13.0	14.0	15.0	16.0	17.0	18.0	19.0	20.0	21.0	22.0	23.0	24.0	25.0	26.0	27.0	28.0	29.0	30.0	31.0	32.0	33.0	34.0	35.0	36.0	37.0
ES91_Blue-049_Control-protein_21_2	1.0	141.0	1987.0	11573.0	32872.0	69375.0	109995.0	132545.0	142270.0	152969.0	178736.0	214995.0	242344.0	239998.0	211267.0	178358.0	154955.0	145809.0	148786.0	161902.0	185920.0	223251.0	289906.0	412332.0	715757.0	1915599.0	15020421.0	21544322.0
	15.0	16.0	17.0	18.0	19.0	20.0	21.0	22.0	23.0	24.0	25.0	26.0	27.0	28.0	29.0	30.0	31.0	32.0	33.0	34.0	35.0	36.0	37.0
ES92_SEM19-76_MG-lipid_0_1	2.0	11.0	32.0	100.0	253.0	679.0	1586.0	3699.0	7769.0	16022.0	30503.0	55565.0	96902.0	157933.0	239012.0	326404.0	420424.0	537227.0	708602.0	1022655.0	2006671.0	14824150.0	29557897.0
	8.0	9.0	10.0	11.0	12.0	13.0	14.0	15.0	16.0	17.0	18.0	19.0	20.0	21.0	22.0	23.0	24.0	25.0	26.0	27.0	28.0	29.0	30.0	31.0	32.0	33.0	34.0	35.0	36.0	37.0
ES92_SEM19-76_MG-lipid_0_2	1.0	0.0	1.0	203.0	2563.0	16578.0	45564.0	92480.0	147634.0	181611.0	194860.0	209010.0	246378.0	297338.0	334476.0	330209.0	287762.0	238189.0	201275.0	181115.0	177307.0	184885.0	204405.0	237975.0	298919.0	414897.0	696325.0	1923572.0	17324163.0	25544403.0
	15.0	16.0	17.0	18.0	19.0	20.0	21.0	22.0	23.0	24.0	25.0	26.0	27.0	28.0	29.0	30.0	31.0	32.0	33.0	34.0	35.0	36.0	37.0
ES93_SEM19-76_MG-lipid_14_1	1.0	7.0	26.0	95.0	202.0	555.0	1440.0	3220.0	6829.0	13729.0	26689.0	49544.0	88337.0	147295.0	226518.0	317298.0	413833.0	535398.0	716314.0	1040528.0	2024726.0	14139471.0	28470576.0
	11.0	12.0	13.0	14.0	15.0	16.0	17.0	18.0	19.0	20.0	21.0	22.0	23.0	24.0	25.0	26.0	27.0	28.0	29.0	30.0	31.0	32.0	33.0	34.0	35.0	36.0	37.0
ES93_SEM19-76_MG-lipid_14_2	116.0	1847.0	11184.0	32154.0	70539.0	112543.0	135699.0	141049.0	149487.0	174586.0	211431.0	243936.0	246802.0	221976.0	191361.0	169637.0	161136.0	163803.0	176516.0	201054.0	239022.0	303679.0	423219.0	707408.0	1865007.0	16442832.0	25424608.0
	14.0	15.0	16.0	17.0	18.0	19.0	20.0	21.0	22.0	23.0	24.0	25.0	26.0	27.0	28.0	29.0	30.0	31.0	32.0	33.0	34.0	35.0	36.0	37.0
ES94_SEM19-76_MG-lipid_21_1	1.0	4.0	10.0	27.0	88.0	232.0	633.0	1593.0	3560.0	7802.0	15622.0	30483.0	55646.0	96240.0	159324.0	241163.0	336585.0	437856.0	562727.0	748394.0	1096101.0	2159986.0	15096987.0	28736352.0
	8.0	9.0	10.0	11.0	12.0	13.0	14.0	15.0	16.0	17.0	18.0	19.0	20.0	21.0	22.0	23.0	24.0	25.0	26.0	27.0	28.0	29.0	30.0	31.0	32.0	33.0	34.0	35.0	36.0	37.0
ES94_SEM19-76_MG-lipid_21_2	1.0	0.0	1.0	152.0	2186.0	13934.0	37708.0	75899.0	120559.0	150013.0	163909.0	178674.0	209997.0	250187.0	278949.0	274434.0	244634.0	209334.0	185666.0	175800.0	178399.0	194084.0	222286.0	267212.0	345512.0	500428.0	886845.0	2451419.0	18491748.0	23677446.0
	14.0	15.0	16.0	17.0	18.0	19.0	20.0	21.0	22.0	23.0	24.0	25.0	26.0	27.0	28.0	29.0	30.0	31.0	32.0	33.0	34.0	35.0	36.0	37.0
ES95_610_MG-protein_14_1	1.0	6.0	12.0	24.0	78.0	221.0	529.0	1291.0	2999.0	6355.0	13067.0	25899.0	47206.0	85523.0	144202.0	222875.0	312670.0	411765.0	532610.0	709987.0	1033026.0	2037161.0	15030552.0	29605740.0
	10.0	11.0	12.0	13.0	14.0	15.0	16.0	17.0	18.0	19.0	20.0	21.0	22.0	23.0	24.0	25.0	26.0	27.0	28.0	29.0	30.0	31.0	32.0	33.0	34.0	35.0	36.0	37.0
ES95_610_MG-protein_14_2	1.0	135.0	1957.0	12048.0	33898.0	73612.0	116163.0	140558.0	148793.0	159283.0	187121.0	228016.0	261058.0	263664.0	236524.0	202668.0	180013.0	170238.0	174817.0	191173.0	217856.0	260722.0	330169.0	459634.0	776759.0	2088953.0	17833786.0	25474180.0
	14.0	15.0	16.0	17.0	18.0	19.0	20.0	21.0	22.0	23.0	24.0	25.0	26.0	27.0	28.0	29.0	30.0	31.0	32.0	33.0	34.0	35.0	36.0	37.0
ES96_610_MG-protein_21_1	2.0	1.0	7.0	22.0	59.0	212.0	544.0	1377.0	3155.0	6621.0	13242.0	25668.0	47471.0	84762.0	139667.0	212006.0	293695.0	382915.0	488747.0	644917.0	936124.0	1868613.0	14477587.0	29082612.0
	7.0	8.0	9.0	10.0	11.0	12.0	13.0	14.0	15.0	16.0	17.0	18.0	19.0	20.0	21.0	22.0	23.0	24.0	25.0	26.0	27.0	28.0	29.0	30.0	31.0	32.0	33.0	34.0	35.0	36.0	37.0
ES96_610_MG-protein_21_2	1.0	0.0	2.0	0.0	185.0	2778.0	15806.0	40977.0	80034.0	125278.0	155857.0	170475.0	187095.0	218179.0	261606.0	289360.0	280472.0	245161.0	209376.0	185237.0	175530.0	180991.0	196122.0	222620.0	266810.0	341362.0	486093.0	861840.0	2425215.0	18328493.0	22757071.0
	15.0	16.0	17.0	18.0	19.0	20.0	21.0	22.0	23.0	24.0	25.0	26.0	27.0	28.0	29.0	30.0	31.0	32.0	33.0	34.0	35.0	36.0	37.0
ES97_SEM19-107_MG-protein_0_1	3.0	11.0	26.0	52.0	176.0	468.0	1119.0	2828.0	6300.0	13273.0	26360.0	50014.0	88581.0	148298.0	227208.0	318569.0	419583.0	546828.0	734694.0	1078740.0	2133932.0	14538502.0	27426476.0
	11.0	12.0	13.0	14.0	15.0	16.0	17.0	18.0	19.0	20.0	21.0	22.0	23.0	24.0	25.0	26.0	27.0	28.0	29.0	30.0	31.0	32.0	33.0	34.0	35.0	36.0	37.0
ES97_SEM19-107_MG-protein_0_2	111.0	1482.0	8467.0	21971.0	44430.0	66427.0	76258.0	79908.0	85559.0	99242.0	119992.0	136542.0	138526.0	131882.0	125881.0	123627.0	130595.0	145881.0	170406.0	206577.0	258211.0	344176.0	507360.0	905626.0	2449433.0	17972706.0	23410765.0
	13.0	14.0	15.0	16.0	17.0	18.0	19.0	20.0	21.0	22.0	23.0	24.0	25.0	26.0	27.0	28.0	29.0	30.0	31.0	32.0	33.0	34.0	35.0	36.0	37.0
ES98_SEM19-107_MG-protein_14_1	1.0	0.0	2.0	12.0	26.0	89.0	180.0	493.0	1248.0	2870.0	6522.0	13516.0	27416.0	51161.0	92115.0	154314.0	237543.0	339467.0	454395.0	598008.0	814129.0	1202929.0	2408401.0	17242055.0	32858462.0
	10.0	11.0	12.0	13.0	14.0	15.0	16.0	17.0	18.0	19.0	20.0	21.0	22.0	23.0	24.0	25.0	26.0	27.0	28.0	29.0	30.0	31.0	32.0	33.0	34.0	35.0	36.0	37.0
ES98_SEM19-107_MG-protein_14_2	1.0	88.0	1074.0	6787.0	17773.0	36145.0	57933.0	73059.0	81185.0	89668.0	106024.0	126417.0	141302.0	145909.0	142197.0	137729.0	138848.0	147354.0	166466.0	194597.0	233611.0	288855.0	375819.0	535607.0	921447.0	2499232.0	20592212.0	29248015.0
	14.0	15.0	16.0	17.0	18.0	19.0	20.0	21.0	22.0	23.0	24.0	25.0	26.0	27.0	28.0	29.0	30.0	31.0	32.0	33.0	34.0	35.0	36.0	37.0
ES99_SEM19-107_MG-protein_21_1	1.0	0.0	5.0	19.0	78.0	173.0	475.0	1303.0	3115.0	6942.0	13928.0	27204.0	50806.0	90728.0	152450.0	233983.0	327886.0	429107.0	557046.0	748497.0	1105499.0	2174422.0	14403198.0	26525343.0
	11.0	12.0	13.0	14.0	15.0	16.0	17.0	18.0	19.0	20.0	21.0	22.0	23.0	24.0	25.0	26.0	27.0	28.0	29.0	30.0	31.0	32.0	33.0	34.0	35.0	36.0	37.0
ES99_SEM19-107_MG-protein_21_2	104.0	1267.0	7440.0	19883.0	41683.0	65660.0	79056.0	84798.0	91490.0	106564.0	126412.0	140825.0	144148.0	137031.0	130480.0	128125.0	136325.0	152524.0	176900.0	213603.0	265417.0	350740.0	513434.0	906584.0	2429258.0	17709041.0	22693416.0
	14.0	15.0	16.0	17.0	18.0	19.0	20.0	21.0	22.0	23.0	24.0	25.0	26.0	27.0	28.0	29.0	30.0	31.0	32.0	33.0	34.0	35.0	36.0	37.0
ES9_172_Control-protein_0_1	1.0	6.0	10.0	17.0	93.0	255.0	626.0	1489.0	3471.0	7440.0	15137.0	29140.0	50283.0	85613.0	136070.0	202845.0	278843.0	364470.0	473140.0	632947.0	920217.0	1814423.0	13553018.0	27026482.0
	8.0	9.0	10.0	11.0	12.0	13.0	14.0	15.0	16.0	17.0	18.0	19.0	20.0	21.0	22.0	23.0	24.0	25.0	26.0	27.0	28.0	29.0	30.0	31.0	32.0	33.0	34.0	35.0	36.0	37.0
ES9_172_Control-protein_0_2	2.0	0.0	0.0	110.0	1453.0	9214.0	26070.0	53096.0	83716.0	104775.0	116239.0	128796.0	154632.0	188801.0	216306.0	217166.0	195484.0	169571.0	150258.0	142191.0	145081.0	157337.0	180344.0	217551.0	280539.0	400031.0	679996.0	1815745.0	15612531.0	24149001.0

