Sample	raw_total_sequences	filtered_sequences	sequences	is_sorted	1st_fragments	last_fragments	reads_mapped	reads_mapped_and_paired	reads_unmapped	reads_properly_paired	reads_paired	reads_duplicated	reads_MQ0	reads_QC_failed	non-primary_alignments	supplementary_alignments	total_length	total_first_fragment_length	total_last_fragment_length	bases_mapped	bases_mapped_(cigar)	bases_trimmed	bases_duplicated	mismatches	error_rate	average_length	average_first_fragment_length	average_last_fragment_length	maximum_length	maximum_first_fragment_length	maximum_last_fragment_length	average_quality	insert_size_average	insert_size_standard_deviation	inward_oriented_pairs	outward_oriented_pairs	pairs_with_other_orientation	pairs_on_different_chromosomes	percentage_of_properly_paired_reads_(%)	reads_mapped_percent	reads_mapped_and_paired_percent	reads_unmapped_percent	reads_properly_paired_percent	reads_paired_percent	reads_duplicated_percent	reads_MQ0_percent	reads_QC_failed_percent
ES100_SEM19-140_Control-lipid_0	90271716.0	0.0	90271716.0	1.0	45135858.0	45135858.0	81309178.0	81254502.0	8962538.0	81254502.0	90271716.0	0.0	539878.0	0.0	10533856.0	0.0	4466034910.0	2236818852.0	2229216058.0	4027240837.0	4004956882.0	0.0	0.0	7438681.0	0.001857369	49.0	50.0	49.0	50.0	50.0	50.0	36.4	1111.1	1703.1	40623054.0	4197.0	0.0	0.0	90.0	90.07159894911048	90.0110306975886	9.928401050889518	90.0110306975886	100.0	0.0	0.5980588648608386	0.0
ES101_SEM19-140_Control-lipid_14	85611144.0	0.0	85611144.0	1.0	42805572.0	42805572.0	76227492.0	76197144.0	9383652.0	76197144.0	85611144.0	0.0	659190.0	0.0	10611514.0	0.0	4235841608.0	2121036931.0	2114804677.0	3774984707.0	3752856652.0	0.0	0.0	6746700.0	0.001797751	49.0	50.0	49.0	50.0	50.0	50.0	36.4	1233.2	1798.5	38093724.0	4848.0	0.0	0.0	89.0	89.03921667020359	89.00376801412676	10.96078332979641	89.00376801412676	100.0	0.0	0.7699815341797092	0.0
ES102_SEM19-140_Control-lipid_21	95548044.0	0.0	95548044.0	1.0	47774022.0	47774022.0	84017052.0	83929512.0	11530992.0	83929512.0	95548044.0	0.0	573770.0	0.0	10257496.0	0.0	4723667116.0	2367498799.0	2356168317.0	4161045968.0	4137553626.0	0.0	0.0	7763505.0	0.001876352	49.0	50.0	49.0	50.0	50.0	50.0	36.3	1121.4	1729.7	41959383.0	5373.0	0.0	0.0	87.8	87.931734112736	87.84011528273672	12.068265887264003	87.84011528273672	100.0	0.0	0.6005041819589735	0.0
ES103_625_Control-lipid_0	101605236.0	0.0	101605236.0	1.0	50802618.0	50802618.0	91191779.0	91162078.0	10413457.0	91162078.0	101605236.0	0.0	709054.0	0.0	12285251.0	0.0	5028640693.0	2517511063.0	2511129630.0	4516796653.0	4488834062.0	0.0	0.0	10713505.0	0.002386701	49.0	50.0	49.0	50.0	50.0	50.0	36.4	1104.6	1733.4	45574339.0	6700.0	0.0	0.0	89.7	89.75106263224465	89.7218308709996	10.248937367755339	89.7218308709996	100.0	0.0	0.6978518311792514	0.0
ES104_625_Control-lipid_14	81068006.0	0.0	81068006.0	1.0	40534003.0	40534003.0	70723914.0	70630650.0	10344092.0	70630650.0	81068006.0	0.0	451030.0	0.0	8413284.0	0.0	4006101067.0	2008828368.0	1997272699.0	3502860052.0	3483564333.0	0.0	0.0	8106401.0	0.002327042	49.0	50.0	49.0	50.0	50.0	50.0	36.3	1112.6	1745.7	35310492.0	4833.0	0.0	0.0	87.1	87.24022890115245	87.12518474920921	12.759771098847553	87.12518474920921	100.0	0.0	0.5563600515843451	0.0
ES105_625_Control-lipid_21	106447858.0	0.0	106447858.0	1.0	53223929.0	53223929.0	97147879.0	97117976.0	9299979.0	97117976.0	106447858.0	0.0	205727.0	0.0	7921390.0	0.0	5269028535.0	2638183457.0	2630845078.0	4811839942.0	4788632904.0	0.0	0.0	10938473.0	0.002284258	49.0	50.0	49.0	50.0	50.0	50.0	36.5	1089.9	1689.6	48551322.0	7666.0	0.0	0.0	91.2	91.26334792006806	91.23525623221089	8.736652079931941	91.23525623221089	100.0	0.0	0.19326551408859724	0.0
ES10_172_Control-protein_14	85042036.0	0.0	85042036.0	1.0	42521018.0	42521018.0	76098105.0	76026288.0	8943931.0	76026288.0	85042036.0	0.0	508067.0	0.0	9134163.0	0.0	4205165868.0	2106987852.0	2098178016.0	3769282886.0	3749660892.0	0.0	0.0	7029622.0	0.001874735	49.0	50.0	49.0	50.0	50.0	50.0	36.3	1067.9	1699.3	38009186.0	3958.0	0.0	0.0	89.4	89.48292935978156	89.39848053496743	10.517070640218444	89.39848053496743	100.0	0.0	0.597430428406018	0.0
ES11_172_Control-protein_21	95508292.0	0.0	95508292.0	1.0	47754146.0	47754146.0	84155742.0	84034382.0	11352550.0	84034382.0	95508292.0	0.0	624435.0	0.0	10773258.0	0.0	4718803623.0	2366203265.0	2352600358.0	4168127503.0	4147480899.0	0.0	0.0	7767106.0	0.001872729	49.0	50.0	49.0	50.0	50.0	50.0	36.2	1133.2	1742.5	42012764.0	4427.0	0.0	0.0	88.0	88.1135451568959	87.98647765578302	11.886454843104094	87.98647765578302	100.0	0.0	0.6538018709412163	0.0
ES12_209_MG-lipid_0	96024906.0	0.0	96024906.0	1.0	48012453.0	48012453.0	86436232.0	86362338.0	9588674.0	86362338.0	96024906.0	0.0	425868.0	0.0	8742583.0	0.0	4749610058.0	2379866209.0	2369743849.0	4281656038.0	4257158138.0	0.0	0.0	9159441.0	0.002151539	49.0	50.0	49.0	50.0	50.0	50.0	36.3	1090.4	1658.4	43177464.0	3705.0	0.0	0.0	89.9	90.01438855873496	89.93743560654983	9.98561144126504	89.93743560654983	100.0	0.0	0.4434974401328755	0.0
ES13_209_MG-lipid_14	94903268.0	0.0	94903268.0	1.0	47451634.0	47451634.0	84505242.0	84415616.0	10398026.0	84415616.0	94903268.0	0.0	363885.0	0.0	9037342.0	0.0	4692655463.0	2351789748.0	2340865715.0	4185723179.0	4160478790.0	0.0	0.0	10566343.0	0.002539694	49.0	50.0	49.0	50.0	50.0	50.0	36.3	1113.2	1707.6	42203448.0	4360.0	0.0	0.0	88.9	89.04355327363437	88.94911395464274	10.956446726365629	88.94911395464274	100.0	0.0	0.3834272598494711	0.0
ES14_209_MG-lipid_21	79606008.0	0.0	79606008.0	1.0	39803004.0	39803004.0	71088827.0	71022008.0	8517181.0	71022008.0	79606008.0	0.0	376976.0	0.0	7716392.0	0.0	3936770659.0	1972795555.0	1963975104.0	3521228017.0	3499924099.0	0.0	0.0	7899406.0	0.002257022	49.0	50.0	49.0	50.0	50.0	50.0	36.3	1132.8	1697.7	35507445.0	3559.0	0.0	0.0	89.2	89.30083141463393	89.21689428265263	10.699168585366069	89.21689428265263	100.0	0.0	0.47355219721606945	0.0
ES15_601_Control-protein_14	88738140.0	0.0	88738140.0	1.0	44369070.0	44369070.0	78260685.0	78162756.0	10477455.0	78162756.0	88738140.0	0.0	412641.0	0.0	8301587.0	0.0	4386636119.0	2199025473.0	2187610646.0	3876608222.0	3857798438.0	0.0	0.0	6604954.0	0.001712105	49.0	50.0	49.0	50.0	50.0	50.0	36.3	1057.4	1657.9	39076771.0	4607.0	0.0	0.0	88.1	88.19283906559231	88.0824817829177	11.807160934407685	88.0824817829177	100.0	0.0	0.46500974665459516	0.0
ES16_601_Control-protein_21	97194312.0	0.0	97194312.0	1.0	48597156.0	48597156.0	87067611.0	86995964.0	10126701.0	86995964.0	97194312.0	0.0	414558.0	0.0	8376278.0	0.0	4807904641.0	2408628472.0	2399276169.0	4313019685.0	4294243893.0	0.0	0.0	7027625.0	0.001636522	49.0	50.0	49.0	50.0	50.0	50.0	36.4	1031.6	1634.6	43493525.0	4457.0	0.0	0.0	89.5	89.5809736273456	89.5072584082904	10.4190263726544	89.5072584082904	100.0	0.0	0.4265249596087475	0.0
ES17_615_Control-protein_0	92184518.0	0.0	92184518.0	1.0	46092259.0	46092259.0	82630872.0	82565918.0	9553646.0	82565918.0	92184518.0	0.0	435433.0	0.0	8907375.0	0.0	4559923968.0	2284773631.0	2275150337.0	4093500820.0	4069866253.0	0.0	0.0	9019338.0	0.002216126	49.0	50.0	49.0	50.0	50.0	50.0	36.3	1010.6	1611.1	41278601.0	4358.0	0.0	0.0	89.6	89.63638775005582	89.56592689457898	10.363612249944183	89.56592689457898	100.0	0.0	0.4723493808363786	0.0
ES18_615_Control-protein_14	88691644.0	0.0	88691644.0	1.0	44345822.0	44345822.0	77952926.0	77840818.0	10738718.0	77840818.0	88691644.0	0.0	412675.0	0.0	7625345.0	0.0	4382713294.0	2197698084.0	2185015210.0	3861169154.0	3836868915.0	0.0	0.0	9823630.0	0.002560325	49.0	50.0	49.0	50.0	50.0	50.0	36.3	1088.9	1710.2	38914763.0	5646.0	0.0	0.0	87.8	87.89207470322683	87.76567271658648	12.107925296773166	87.76567271658648	100.0	0.0	0.4652918599637188	0.0
ES19_615_Control-protein_21	86403616.0	0.0	86403616.0	1.0	43201808.0	43201808.0	74987937.0	74880380.0	11415679.0	74880380.0	86403616.0	0.0	526196.0	0.0	8534128.0	0.0	4269544501.0	2140834759.0	2128709742.0	3714139893.0	3695173084.0	0.0	0.0	6589691.0	0.001783324	49.0	50.0	49.0	50.0	50.0	50.0	36.2	1128.5	1742.1	37434637.0	5553.0	0.0	0.0	86.7	86.78796151309223	86.66347945437839	13.21203848690777	86.66347945437839	100.0	0.0	0.6089976604682841	0.0
ES1_48_Control-lipid_0	101160566.0	0.0	101160566.0	1.0	50580283.0	50580283.0	89366404.0	89291978.0	11794162.0	89291978.0	101160566.0	0.0	419103.0	0.0	9384356.0	0.0	5003562039.0	2506762105.0	2496799934.0	4426786891.0	4403962469.0	0.0	0.0	7969793.0	0.001809687	49.0	50.0	49.0	50.0	50.0	50.0	36.3	1048.1	1666.2	44640042.0	5947.0	0.0	0.0	88.3	88.34114668753436	88.26757454085418	11.65885331246565	88.26757454085418	100.0	0.0	0.4142948350051739	0.0
ES20_618_Control-lipid_0	95056598.0	0.0	95056598.0	1.0	47528299.0	47528299.0	85592381.0	85526400.0	9464217.0	85526400.0	95056598.0	0.0	355284.0	0.0	8013577.0	0.0	4702752092.0	2355980626.0	2346771466.0	4239995938.0	4219001137.0	0.0	0.0	6585984.0	0.001561029	49.0	50.0	49.0	50.0	50.0	50.0	36.4	1046.1	1632.6	42759051.0	4149.0	0.0	0.0	90.0	90.04359802567309	89.97418569513712	9.956401974326916	89.97418569513712	100.0	0.0	0.3737604832018078	0.0
ES21_618_Control-lipid_14	66474138.0	0.0	66474138.0	1.0	33237069.0	33237069.0	59937159.0	59905614.0	6536979.0	59905614.0	66474138.0	0.0	319156.0	0.0	6037145.0	0.0	3289313974.0	1647271286.0	1642042688.0	2969064223.0	2954832237.0	0.0	0.0	4627074.0	0.001565935	49.0	50.0	49.0	50.0	50.0	50.0	36.4	975.3	1612.3	29949591.0	3216.0	0.0	0.0	90.1	90.16613197752184	90.11867743211653	9.833868022478155	90.11867743211653	100.0	0.0	0.4801205545531106	0.0
ES22_618_Control-lipid_21	91862226.0	0.0	91862226.0	1.0	45931113.0	45931113.0	81072848.0	80991524.0	10789378.0	80991524.0	91862226.0	0.0	545742.0	0.0	9430221.0	0.0	4542070985.0	2276168928.0	2265902057.0	4015653528.0	3992626467.0	0.0	0.0	6533764.0	0.001636458	49.0	50.0	49.0	50.0	50.0	50.0	36.3	1161.5	1760.4	40491457.0	4305.0	0.0	0.0	88.2	88.2548263091295	88.16629808208654	11.7451736908705	88.16629808208654	100.0	0.0	0.5940874979450204	0.0
ES23_Blue-010_Control-lipid_0	91225664.0	0.0	91225664.0	1.0	45612832.0	45612832.0	81636026.0	81562666.0	9589638.0	81562666.0	91225664.0	0.0	377129.0	0.0	8035351.0	0.0	4511637540.0	2260619238.0	2251018302.0	4043585648.0	4023032453.0	0.0	0.0	9358375.0	0.002326199	49.0	50.0	49.0	50.0	50.0	50.0	36.4	1074.8	1683.2	40776626.0	4707.0	0.0	0.0	89.4	89.4880041651437	89.40758819798779	10.511995834856297	89.40758819798779	100.0	0.0	0.4134023074910148	0.0
ES24_Blue-010_Control-lipid_21	98904436.0	0.0	98904436.0	1.0	49452218.0	49452218.0	88353977.0	88280966.0	10550459.0	88280966.0	98904436.0	0.0	417126.0	0.0	8830997.0	0.0	4892342427.0	2451033923.0	2441308504.0	4376690908.0	4356681810.0	0.0	0.0	7814933.0	0.001793781	49.0	50.0	49.0	50.0	50.0	50.0	36.4	1041.2	1659.2	44134853.0	5630.0	0.0	0.0	89.3	89.33267361233423	89.25885386981025	10.667326387665767	89.25885386981025	100.0	0.0	0.42174650285655535	0.0
ES25_619_MG-lipid_0	87601340.0	0.0	87601340.0	1.0	43800670.0	43800670.0	79470735.0	79402422.0	8130605.0	79402422.0	87601340.0	0.0	395725.0	0.0	7834839.0	0.0	4332940583.0	2171028277.0	2161912306.0	3936924628.0	3914360966.0	0.0	0.0	8111803.0	0.002072318	49.0	50.0	49.0	50.0	50.0	50.0	36.3	991.7	1594.2	39697606.0	3605.0	0.0	0.0	90.6	90.71862941822579	90.64064773438398	9.281370581774205	90.64064773438398	100.0	0.0	0.4517339574942575	0.0
ES26_619_MG-lipid_14	87755310.0	0.0	87755310.0	1.0	43877655.0	43877655.0	78191958.0	78104376.0	9563352.0	78104376.0	87755310.0	0.0	477689.0	0.0	8691244.0	0.0	4338244641.0	2174471200.0	2163773441.0	3872951396.0	3847858608.0	0.0	0.0	8654322.0	0.002249127	49.0	50.0	49.0	50.0	50.0	50.0	36.3	1116.3	1712.8	39047972.0	4216.0	0.0	0.0	89.0	89.10225261582461	89.0024501081473	10.897747384175386	89.0024501081473	100.0	0.0	0.5443419891058444	0.0
ES27_619_MG-lipid_21	89334050.0	0.0	89334050.0	1.0	44667025.0	44667025.0	80198616.0	80135788.0	9135434.0	80135788.0	89334050.0	0.0	411969.0	0.0	8410072.0	0.0	4418715620.0	2213622937.0	2205092683.0	3972496988.0	3950072958.0	0.0	0.0	9072141.0	0.002296702	49.0	50.0	49.0	50.0	50.0	50.0	36.4	1085.6	1673.4	40063278.0	4616.0	0.0	0.0	89.7	89.77384994859183	89.70352066205439	10.22615005140817	89.70352066205439	100.0	0.0	0.4611556287887989	0.0
ES28_Blue-098_Control-lipid_0	108231978.0	0.0	108231978.0	1.0	54115989.0	54115989.0	94999465.0	94920634.0	13232513.0	94920634.0	108231978.0	0.0	375048.0	0.0	8655222.0	0.0	5353668902.0	2682156370.0	2671512532.0	4705620835.0	4682041088.0	0.0	0.0	8276560.0	0.001767725	49.0	50.0	49.0	50.0	50.0	50.0	36.4	1125.6	1712.8	47452613.0	7704.0	0.0	0.0	87.7	87.77393405856446	87.70109883790538	12.226065941435534	87.70109883790538	100.0	0.0	0.34652235589744096	0.0
ES29_Blue-098_Control-lipid_14	103837708.0	0.0	103837708.0	1.0	51918854.0	51918854.0	92613475.0	92579528.0	11224233.0	92579528.0	103837708.0	0.0	315690.0	0.0	8130612.0	0.0	5138874104.0	2573234731.0	2565639373.0	4587237419.0	4567696721.0	0.0	0.0	7960061.0	0.001742686	49.0	50.0	49.0	50.0	50.0	50.0	36.4	1102.3	1699.0	46282798.0	6966.0	0.0	0.0	89.2	89.19060020084419	89.15790783825852	10.809399799155814	89.15790783825852	100.0	0.0	0.30402250404063236	0.0
ES2_48_Control-lipid_14	90429420.0	0.0	90429420.0	1.0	45214710.0	45214710.0	80464132.0	80375978.0	9965288.0	80375978.0	90429420.0	0.0	440947.0	0.0	9439073.0	0.0	4471496289.0	2240845166.0	2230651123.0	3985793007.0	3962764223.0	0.0	0.0	6700436.0	0.001690849	49.0	50.0	49.0	50.0	50.0	50.0	36.3	1068.6	1662.9	40183906.0	4083.0	0.0	0.0	88.9	88.98003769127348	88.88255392990467	11.019962308726518	88.88255392990467	100.0	0.0	0.4876145396044783	0.0
ES30_Blue-098_Control-lipid_21	70572530.0	0.0	70572530.0	1.0	35286265.0	35286265.0	61147455.0	61057348.0	9425075.0	61057348.0	70572530.0	0.0	325529.0	0.0	6070012.0	0.0	3487308338.0	1748741266.0	1738567072.0	3028508798.0	3012130936.0	0.0	0.0	5351965.0	0.001776804	49.0	50.0	49.0	50.0	50.0	50.0	36.2	1211.8	1782.4	30524476.0	4198.0	0.0	0.0	86.5	86.64483900463821	86.51715901357086	13.355160995361793	86.51715901357086	100.0	0.0	0.461268711777798	0.0
ES31_Blue-055_NA_0	92999934.0	0.0	92999934.0	1.0	46499967.0	46499967.0	86162575.0	86145664.0	6837359.0	86145664.0	92999934.0	0.0	177627.0	0.0	7084901.0	0.0	4605434780.0	2305496350.0	2299938430.0	4268539766.0	4246096249.0	0.0	0.0	6651491.0	0.001566496	49.0	50.0	49.0	50.0	50.0	50.0	36.5	1002.8	1555.7	43068419.0	4413.0	0.0	0.0	92.6	92.64799585771749	92.62981197384505	7.35200414228251	92.62981197384505	100.0	0.0	0.1909969097397424	0.0
ES32_Blue-055_NA_14	95467716.0	0.0	95467716.0	1.0	47733858.0	47733858.0	84521471.0	84455788.0	10946245.0	84455788.0	95467716.0	0.0	295815.0	0.0	8423178.0	0.0	4723109935.0	2366316811.0	2356793124.0	4186883792.0	4162260784.0	0.0	0.0	7204597.0	0.001730934	49.0	50.0	49.0	50.0	50.0	50.0	36.4	1102.6	1657.0	42222664.0	5230.0	0.0	0.0	88.5	88.5340872719737	88.46528600307144	11.4659127280263	88.46528600307144	100.0	0.0	0.3098586751567409	0.0
ES33_101-LS_MG-lipid_0	95795500.0	0.0	95795500.0	1.0	47897750.0	47897750.0	87089697.0	87033910.0	8705803.0	87033910.0	95795500.0	0.0	407612.0	0.0	8464125.0	0.0	4740659303.0	2374402519.0	2366256784.0	4314822240.0	4293022267.0	0.0	0.0	6429308.0	0.001497618	49.0	50.0	49.0	50.0	50.0	50.0	36.4	962.1	1563.8	43512745.0	4210.0	0.0	0.0	90.9	90.91209607966971	90.85386056756319	9.087903920330287	90.85386056756319	100.0	0.0	0.42550224175457096	0.0
ES34_101-LS_MG-lipid_14	89757244.0	0.0	89757244.0	1.0	44878622.0	44878622.0	81505920.0	81475508.0	8251324.0	81475508.0	89757244.0	0.0	259656.0	0.0	6973149.0	0.0	4442577568.0	2224590208.0	2217987360.0	4037247367.0	4018254881.0	0.0	0.0	6500732.0	0.0016178	49.0	50.0	49.0	50.0	50.0	50.0	36.4	1067.7	1652.0	40733089.0	4665.0	0.0	0.0	90.8	90.80706622409217	90.77318372208487	9.192933775907825	90.77318372208487	100.0	0.0	0.28928695716192	0.0
ES35_101-LS_MG-lipid_21	90167904.0	0.0	90167904.0	1.0	45083952.0	45083952.0	81079323.0	81011392.0	9088581.0	81011392.0	90167904.0	0.0	507743.0	0.0	9113891.0	0.0	4459601072.0	2234159511.0	2225441561.0	4015773945.0	3994997750.0	0.0	0.0	6661422.0	0.001667441	49.0	50.0	49.0	50.0	50.0	50.0	36.3	1106.3	1708.3	40501163.0	4533.0	0.0	0.0	89.8	89.92038120349342	89.84504286580733	10.07961879650657	89.84504286580733	100.0	0.0	0.5631083539437713	0.0
ES36_AR17-21_MG-lipid_0	84255912.0	0.0	84255912.0	1.0	42127956.0	42127956.0	74982031.0	74900558.0	9273881.0	74900558.0	84255912.0	0.0	330241.0	0.0	7408470.0	0.0	4166183680.0	2088317901.0	2077865779.0	3713995766.0	3692893501.0	0.0	0.0	7723232.0	0.002091377	49.0	50.0	49.0	50.0	50.0	50.0	36.3	1149.6	1696.2	37445934.0	4345.0	0.0	0.0	88.9	88.99319848321147	88.89650141108199	11.006801516788519	88.89650141108199	100.0	0.0	0.39194994411786793	0.0
ES37_AR17-21_MG-lipid_14	94560124.0	0.0	94560124.0	1.0	47280062.0	47280062.0	83335263.0	83245494.0	11224861.0	83245494.0	94560124.0	0.0	388413.0	0.0	7888526.0	0.0	4675355689.0	2343237841.0	2332117848.0	4127672617.0	4107569748.0	0.0	0.0	8185022.0	0.001992668	49.0	50.0	49.0	50.0	50.0	50.0	36.3	1103.6	1712.0	41617774.0	4973.0	0.0	0.0	88.0	88.12939268142246	88.0344594302774	11.870607318577543	88.0344594302774	100.0	0.0	0.41075771008929723	0.0
ES38_AR17-21_MG-lipid_21	87121712.0	0.0	87121712.0	1.0	43560856.0	43560856.0	76525750.0	76461170.0	10595962.0	76461170.0	87121712.0	0.0	408253.0	0.0	7859215.0	0.0	4308813667.0	2158872216.0	2149941451.0	3790443913.0	3769992424.0	0.0	0.0	7878721.0	0.002089851	49.0	50.0	49.0	50.0	50.0	50.0	36.3	1183.6	1764.2	38225402.0	5183.0	0.0	0.0	87.8	87.83774818382815	87.76362200044922	12.16225181617184	87.76362200044922	100.0	0.0	0.4686007547693737	0.0
ES39_LD19-239_MG-lipid_14	90552148.0	0.0	90552148.0	1.0	45276074.0	45276074.0	79928506.0	79842946.0	10623642.0	79842946.0	90552148.0	0.0	345146.0	0.0	7378467.0	0.0	4476739916.0	2243728135.0	2233011781.0	3958819658.0	3936969704.0	0.0	0.0	10308811.0	0.002618463	49.0	50.0	49.0	50.0	50.0	50.0	36.3	1096.6	1712.3	39916141.0	5332.0	0.0	0.0	88.2	88.26792932620438	88.17344233512826	11.732070673795612	88.17344233512826	100.0	0.0	0.3811571648195468	0.0
ES3_48_Control-lipid_21	84198560.0	0.0	84198560.0	1.0	42099280.0	42099280.0	74775640.0	74706320.0	9422920.0	74706320.0	84198560.0	0.0	376703.0	0.0	7688121.0	0.0	4163832988.0	2086491010.0	2077341978.0	3703726118.0	3683944070.0	0.0	0.0	6379228.0	0.00173163	49.0	50.0	49.0	50.0	50.0	50.0	36.3	1178.0	1746.6	37348530.0	4630.0	0.0	0.0	88.7	88.80869221516377	88.72636301618459	11.191307784836226	88.72636301618459	100.0	0.0	0.4473983878109079	0.0
ES40_LD19-239_MG-lipid_21	105242650.0	0.0	105242650.0	1.0	52621325.0	52621325.0	93551783.0	93458480.0	11690867.0	93458480.0	105242650.0	0.0	377499.0	0.0	8812233.0	0.0	5204167859.0	2607944117.0	2596223742.0	4633917832.0	4607943015.0	0.0	0.0	11701309.0	0.002539378	49.0	50.0	49.0	50.0	50.0	50.0	36.3	1042.0	1643.6	46722929.0	6311.0	0.0	0.0	88.8	88.89151213885245	88.80285701661826	11.108487861147548	88.80285701661826	100.0	0.0	0.35869393254540816	0.0
ES41_Blue-013_Control-protein_0	98198486.0	0.0	98198486.0	1.0	49099243.0	49099243.0	86769429.0	86672406.0	11429057.0	86672406.0	98198486.0	0.0	652912.0	0.0	10543361.0	0.0	4854278130.0	2433133991.0	2421144139.0	4298213400.0	4271905906.0	0.0	0.0	10227812.0	0.002394204	49.0	50.0	49.0	50.0	50.0	50.0	36.3	1044.3	1667.2	43331152.0	5051.0	0.0	0.0	88.3	88.3612696432	88.26246669424211	11.638730356800002	88.26246669424211	100.0	0.0	0.664890088020298	0.0
ES42_Blue-013_Control-protein_14	86941248.0	0.0	86941248.0	1.0	43470624.0	43470624.0	77602150.0	77534418.0	9339098.0	77534418.0	86941248.0	0.0	346669.0	0.0	8196925.0	0.0	4299200421.0	2154075776.0	2145124645.0	3843464787.0	3820860845.0	0.0	0.0	9804425.0	0.002566025	49.0	50.0	49.0	50.0	50.0	50.0	36.3	1121.4	1719.7	38761812.0	5397.0	0.0	0.0	89.2	89.25815051562176	89.18024503167933	10.741849484378232	89.18024503167933	100.0	0.0	0.3987393877759841	0.0
ES43_Blue-013_Control-protein_21	93199004.0	0.0	93199004.0	1.0	46599502.0	46599502.0	83471324.0	83383588.0	9727680.0	83383588.0	93199004.0	0.0	413365.0	0.0	8058167.0	0.0	4608083593.0	2309244580.0	2298839013.0	4134472879.0	4113688974.0	0.0	0.0	9953608.0	0.002419631	49.0	50.0	49.0	50.0	50.0	50.0	36.3	1073.6	1671.0	41687250.0	4544.0	0.0	0.0	89.5	89.56246356452479	89.4683252194412	10.437536435475211	89.4683252194412	100.0	0.0	0.44352941797532514	0.0
ES44_Blue-015_MG-lipid_0	98470340.0	0.0	98470340.0	1.0	49235170.0	49235170.0	88330994.0	88267256.0	10139346.0	88267256.0	98470340.0	0.0	295025.0	0.0	8091049.0	0.0	4871576194.0	2440310082.0	2431266112.0	4375235390.0	4351411554.0	0.0	0.0	8980374.0	0.002063784	49.0	50.0	49.0	50.0	50.0	50.0	36.4	1113.4	1697.0	44128076.0	5552.0	0.0	0.0	89.6	89.70314716086082	89.63841904069794	10.296852839139177	89.63841904069794	100.0	0.0	0.29960798348010176	0.0
ES45_Blue-015_MG-lipid_14	107551186.0	0.0	107551186.0	1.0	53775593.0	53775593.0	99008604.0	98988046.0	8542582.0	98988046.0	107551186.0	0.0	205041.0	0.0	8741877.0	0.0	5324723523.0	2665329504.0	2659394019.0	4904032400.0	4882566103.0	0.0	0.0	10079286.0	0.002064342	49.0	50.0	49.0	50.0	50.0	50.0	36.5	1057.5	1663.6	49489156.0	4867.0	0.0	0.0	92.0	92.05719405084012	92.03807943131376	7.942805949159873	92.03807943131376	100.0	0.0	0.1906450385400678	0.0
ES46_Blue-015_MG-lipid_21	91809986.0	0.0	91809986.0	1.0	45904993.0	45904993.0	81789709.0	81741932.0	10020277.0	81741932.0	91809986.0	0.0	326380.0	0.0	7618631.0	0.0	4541602407.0	2274651203.0	2266951204.0	4050673585.0	4028943079.0	0.0	0.0	9616128.0	0.002386762	49.0	50.0	49.0	50.0	50.0	50.0	36.4	1143.8	1738.5	40864786.0	6180.0	0.0	0.0	89.0	89.08585281779696	89.0338138162879	10.914147182203033	89.0338138162879	100.0	0.0	0.35549509832187537	0.0
ES47_Blue-45_MG-protein_0	85916068.0	0.0	85916068.0	1.0	42958034.0	42958034.0	77476463.0	77434480.0	8439605.0	77434480.0	85916068.0	0.0	245166.0	0.0	6304962.0	0.0	4251449274.0	2129031848.0	2122417426.0	3837614881.0	3819634912.0	0.0	0.0	7856142.0	0.002056778	49.0	50.0	49.0	50.0	50.0	50.0	36.4	1075.1	1686.3	38711782.0	5458.0	0.0	0.0	90.1	90.17691894373006	90.1280538117736	9.82308105626994	90.1280538117736	100.0	0.0	0.2853552376256325	0.0
ES48_Blue-45_MG-protein_14	90557018.0	0.0	90557018.0	1.0	45278509.0	45278509.0	80806862.0	80753200.0	9750156.0	80753200.0	90557018.0	0.0	215657.0	0.0	6541494.0	0.0	4480795144.0	2244437929.0	2236357215.0	4002776769.0	3981996904.0	0.0	0.0	7780734.0	0.001953978	49.0	50.0	49.0	50.0	50.0	50.0	36.3	1075.8	1672.8	40371691.0	4909.0	0.0	0.0	89.2	89.23313044605776	89.17387275274457	10.766869553942247	89.17387275274457	100.0	0.0	0.23814498838731638	0.0
ES49_Blue-024_Control-protein_0	88275638.0	0.0	88275638.0	1.0	44137819.0	44137819.0	77867682.0	77785318.0	10407956.0	77785318.0	88275638.0	0.0	581857.0	0.0	9470781.0	0.0	4364412669.0	2187323078.0	2177089591.0	3857428817.0	3834079202.0	0.0	0.0	6125181.0	0.001597562	49.0	50.0	49.0	50.0	50.0	50.0	36.3	1011.9	1630.7	38888239.0	4420.0	0.0	0.0	88.1	88.2097074166714	88.11640421109162	11.790292583328595	88.11640421109162	100.0	0.0	0.659136555886461	0.0
ES4_164_Control-protein_0	89378846.0	0.0	89378846.0	1.0	44689423.0	44689423.0	78716281.0	78626000.0	10662565.0	78626000.0	89378846.0	0.0	539418.0	0.0	9648800.0	0.0	4418715412.0	2214760089.0	2203955323.0	3899151440.0	3873956131.0	0.0	0.0	9357280.0	0.002415433	49.0	50.0	49.0	50.0	50.0	50.0	36.3	1106.1	1691.8	39308426.0	4574.0	0.0	0.0	88.0	88.07037070046754	87.96936134082554	11.929629299532465	87.96936134082554	100.0	0.0	0.6035186446690082	0.0
ES50_Blue-024_Control-protein_14	78763638.0	0.0	78763638.0	1.0	39381819.0	39381819.0	68651982.0	68580558.0	10111656.0	68580558.0	78763638.0	0.0	498570.0	0.0	7826147.0	0.0	3893669205.0	1951698976.0	1941970229.0	3400330316.0	3379357596.0	0.0	0.0	5671792.0	0.001678364	49.0	50.0	49.0	50.0	50.0	50.0	36.3	1143.2	1730.5	34285657.0	4622.0	0.0	0.0	87.1	87.16202519746486	87.07134375890561	12.837974802535149	87.07134375890561	100.0	0.0	0.6329951392037021	0.0
ES51_Blue-024_Control-protein_21	76492514.0	0.0	76492514.0	1.0	38246257.0	38246257.0	67137641.0	67069988.0	9354873.0	67069988.0	76492514.0	0.0	513680.0	0.0	7862412.0	0.0	3782011461.0	1895440098.0	1886571363.0	3325435952.0	3305797632.0	0.0	0.0	5648174.0	0.001708566	49.0	50.0	49.0	50.0	50.0	50.0	36.3	1129.3	1718.7	33530674.0	4320.0	0.0	0.0	87.7	87.77021108235506	87.68176713344785	12.229788917644935	87.68176713344785	100.0	0.0	0.6715428388194954	0.0
ES52_SEM19-1481_MG-lipid_14	90016778.0	0.0	90016778.0	1.0	45008389.0	45008389.0	79530557.0	79428968.0	10486221.0	79428968.0	90016778.0	0.0	442126.0	0.0	8515872.0	0.0	4449125636.0	2230546835.0	2218578801.0	3939113103.0	3917208864.0	0.0	0.0	9870559.0	0.002519794	49.0	50.0	49.0	50.0	50.0	50.0	36.2	1111.5	1706.1	39709114.0	5370.0	0.0	0.0	88.2	88.35081500028805	88.23795937241833	11.649184999711942	88.23795937241833	100.0	0.0	0.4911595480566967	0.0
ES53_SEM19-74_MG-protein_0	82223198.0	0.0	82223198.0	1.0	41111599.0	41111599.0	74204875.0	74127088.0	8018323.0	74127088.0	82223198.0	0.0	269485.0	0.0	6522461.0	0.0	4066156548.0	2037877347.0	2028279201.0	3675660230.0	3655395559.0	0.0	0.0	6377011.0	0.001744547	49.0	50.0	49.0	50.0	50.0	50.0	36.3	1044.7	1631.9	37059802.0	3742.0	0.0	0.0	90.2	90.2481012718576	90.15349658377433	9.751898728142391	90.15349658377433	100.0	0.0	0.3277481374538606	0.0
ES54_SEM19-74_MG-protein_14	85226186.0	0.0	85226186.0	1.0	42613093.0	42613093.0	76627823.0	76549298.0	8598363.0	76549298.0	85226186.0	0.0	384437.0	0.0	7627815.0	0.0	4214235112.0	2111877936.0	2102357176.0	3795368163.0	3775884891.0	0.0	0.0	6485416.0	0.001717588	49.0	50.0	49.0	50.0	50.0	50.0	36.3	1084.2	1688.6	38270941.0	3708.0	0.0	0.0	89.8	89.91112543743304	89.81898826259807	10.088874562566955	89.81898826259807	100.0	0.0	0.4510784983385271	0.0
ES55_SEM19-74_MG-protein_21	75971000.0	0.0	75971000.0	1.0	37985500.0	37985500.0	66828697.0	66744830.0	9142303.0	66744830.0	75971000.0	0.0	566390.0	0.0	9614273.0	0.0	3754565092.0	1881929099.0	1872635993.0	3309988370.0	3292126344.0	0.0	0.0	5848827.0	0.001776611	49.0	50.0	49.0	50.0	50.0	50.0	36.3	1082.4	1726.4	33369073.0	3342.0	0.0	0.0	87.9	87.96606204999277	87.85566861039081	12.033937950007239	87.85566861039081	100.0	0.0	0.7455344802622053	0.0
ES56_Blue-050_Control-lipid_21	97078202.0	0.0	97078202.0	1.0	48539101.0	48539101.0	84020944.0	83934326.0	13057258.0	83934326.0	97078202.0	0.0	344377.0	0.0	8061933.0	0.0	4799536070.0	2406195461.0	2393340609.0	4162219244.0	4110059040.0	0.0	0.0	26778453.0	0.006515345	49.0	50.0	49.0	50.0	50.0	50.0	36.3	1000.0	1572.2	41960954.0	6209.0	0.0	0.0	86.5	86.54975295071905	86.46052797722808	13.45024704928095	86.46052797722808	100.0	0.0	0.35474183998587033	0.0
ES57_Blue-031_MG-lipid_0	105203020.0	0.0	105203020.0	1.0	52601510.0	52601510.0	95547162.0	95490026.0	9655858.0	95490026.0	105203020.0	0.0	363815.0	0.0	8743662.0	0.0	5206030825.0	2607640669.0	2598390156.0	4733345975.0	4707874287.0	0.0	0.0	7351855.0	0.001561608	49.0	50.0	49.0	50.0	50.0	50.0	36.4	959.5	1529.4	47739815.0	5198.0	0.0	0.0	90.8	90.82169124042257	90.76738101244622	9.178308759577435	90.76738101244622	100.0	0.0	0.34582182146482104	0.0
ES58_Blue-032_MG-protein_0	99848298.0	0.0	99848298.0	1.0	49924149.0	49924149.0	86621635.0	86525608.0	13226663.0	86525608.0	99848298.0	0.0	750821.0	0.0	12116692.0	0.0	4935603862.0	2473779711.0	2461824151.0	4290439086.0	4266107728.0	0.0	0.0	7249401.0	0.001699301	49.0	50.0	49.0	50.0	50.0	50.0	36.3	1167.3	1757.1	43257022.0	5782.0	0.0	0.0	86.7	86.75324140227207	86.65706850606507	13.246758597727926	86.65706850606507	100.0	0.0	0.7519617410003323	0.0
ES59_Blue-032_MG-protein_14	94359196.0	0.0	94359196.0	1.0	47179598.0	47179598.0	83381057.0	83277150.0	10978139.0	83277150.0	94359196.0	0.0	499088.0	0.0	8658517.0	0.0	4664033698.0	2338088865.0	2325944833.0	4129763830.0	4108210846.0	0.0	0.0	6854865.0	0.001668577	49.0	50.0	49.0	50.0	50.0	50.0	36.3	1138.3	1730.1	41634054.0	4521.0	0.0	0.0	88.3	88.36558654018205	88.25546796731926	11.63441345981795	88.25546796731926	100.0	0.0	0.528923540213293	0.0
ES5_164_Control-protein_14	84032792.0	0.0	84032792.0	1.0	42016396.0	42016396.0	74132217.0	74067012.0	9900575.0	74067012.0	84032792.0	0.0	304411.0	0.0	7311789.0	0.0	4156134753.0	2082624104.0	2073510649.0	3672183347.0	3650039827.0	0.0	0.0	9175388.0	0.002513777	49.0	50.0	49.0	50.0	50.0	50.0	36.3	1055.5	1653.3	37028390.0	5116.0	0.0	0.0	88.1	88.21820058055432	88.14060587205053	11.781799419445685	88.14060587205053	100.0	0.0	0.36225263109191946	0.0
ES60_Blue-032_MG-protein_21	84846932.0	0.0	84846932.0	1.0	42423466.0	42423466.0	74305483.0	74221198.0	10541449.0	74221198.0	84846932.0	0.0	466299.0	0.0	7704029.0	0.0	4193528777.0	2102370707.0	2091158070.0	3680119083.0	3660842530.0	0.0	0.0	6259176.0	0.001709764	49.0	50.0	49.0	50.0	50.0	50.0	36.3	1219.1	1785.2	37105981.0	4618.0	0.0	0.0	87.5	87.57592201448132	87.47658430360217	12.424077985518675	87.47658430360217	100.0	0.0	0.5495767366108182	0.0
ES61_Blue-035_MG-protein_0	77667656.0	0.0	77667656.0	1.0	38833828.0	38833828.0	69532907.0	69476218.0	8134749.0	69476218.0	77667656.0	0.0	238671.0	0.0	6025556.0	0.0	3841491604.0	1924675486.0	1916816118.0	3443943439.0	3425720426.0	0.0	0.0	7635809.0	0.002228965	49.0	50.0	49.0	50.0	50.0	50.0	36.3	1067.1	1673.2	34733364.0	4745.0	0.0	0.0	89.5	89.52620766616157	89.45321846715703	10.473792333838427	89.45321846715703	100.0	0.0	0.30729780231812326	0.0
ES62_Blue-035_MG-protein_14	88922520.0	0.0	88922520.0	1.0	44461260.0	44461260.0	77981441.0	77897904.0	10941079.0	77897904.0	88922520.0	0.0	374895.0	0.0	7539031.0	0.0	4396171208.0	2203614059.0	2192557149.0	3862400502.0	3838245847.0	0.0	0.0	8503845.0	0.002215555	49.0	50.0	49.0	50.0	50.0	50.0	36.3	1164.8	1736.0	38943605.0	5347.0	0.0	0.0	87.6	87.69594136558433	87.60199778413838	12.304058634415668	87.60199778413838	100.0	0.0	0.42159736363746775	0.0
ES63_Blue-035_MG-protein_21	81849676.0	0.0	81849676.0	1.0	40924838.0	40924838.0	71895050.0	71838234.0	9954626.0	71838234.0	81849676.0	0.0	280409.0	0.0	6354593.0	0.0	4048063580.0	2028490057.0	2019573523.0	3561084691.0	3537882825.0	0.0	0.0	8191296.0	0.00231531	49.0	50.0	49.0	50.0	50.0	50.0	36.3	1077.1	1663.1	35913506.0	5611.0	0.0	0.0	87.8	87.83791642620552	87.76850136828887	12.162083573794478	87.76850136828887	100.0	0.0	0.34259023823136453	0.0
ES64_SEM19-1481_MG-lipid_21	92576904.0	0.0	92576904.0	1.0	46288452.0	46288452.0	82551865.0	82472744.0	10025039.0	82472744.0	92576904.0	0.0	421759.0	0.0	9325119.0	0.0	4577851826.0	2294233577.0	2283618249.0	4088945572.0	4065048737.0	0.0	0.0	10098116.0	0.002484132	49.0	50.0	49.0	50.0	50.0	50.0	36.3	1088.4	1674.3	41231131.0	5241.0	0.0	0.0	89.1	89.17112306974533	89.08565790880196	10.828876930254657	89.08565790880196	100.0	0.0	0.45557691149403745	0.0
ES65_106_NA_0	90868930.0	0.0	90868930.0	1.0	45434465.0	45434465.0	79435356.0	79340112.0	11433574.0	79340112.0	90868930.0	0.0	447683.0	0.0	8346430.0	0.0	4492543552.0	2252042287.0	2240501265.0	3934951601.0	3910560924.0	0.0	0.0	7178537.0	0.00183568	49.0	50.0	49.0	50.0	50.0	50.0	36.3	1064.7	1651.5	39665199.0	4857.0	0.0	0.0	87.3	87.41751003340747	87.31269532941567	12.582489966592542	87.31269532941567	100.0	0.0	0.4926689463604336	0.0
ES66_617_Control-protein_14	85789602.0	0.0	85789602.0	1.0	42894801.0	42894801.0	75721902.0	75619256.0	10067700.0	75619256.0	85789602.0	0.0	487106.0	0.0	8911834.0	0.0	4239855230.0	2125935829.0	2113919401.0	3750508394.0	3727365233.0	0.0	0.0	8102547.0	0.0021738	49.0	50.0	49.0	50.0	50.0	50.0	36.2	1088.6	1670.7	37805284.0	4344.0	0.0	0.0	88.1	88.2646617243894	88.14501319169193	11.735338275610603	88.14501319169193	100.0	0.0	0.5677914206898873	0.0
ES67_Blue-037_MG-protein_0	85330690.0	0.0	85330690.0	1.0	42665345.0	42665345.0	72966588.0	72876998.0	12364102.0	72876998.0	85330690.0	0.0	537939.0	0.0	8730752.0	0.0	4216172240.0	2113979855.0	2102192385.0	3613790422.0	3592080486.0	0.0	0.0	9299711.0	0.002588948	49.0	50.0	49.0	50.0	50.0	50.0	36.2	1261.6	1828.6	36432684.0	5815.0	0.0	0.0	85.4	85.51036912979374	85.40537759626694	14.489630870206252	85.40537759626694	100.0	0.0	0.6304167937702132	0.0
ES68_Blue-037_MG-protein_14	76899552.0	0.0	76899552.0	1.0	38449776.0	38449776.0	66580758.0	66500176.0	10318794.0	66500176.0	76899552.0	0.0	391168.0	0.0	7038335.0	0.0	3800751188.0	1905409874.0	1895341314.0	3297478490.0	3276537387.0	0.0	0.0	8566121.0	0.002614382	49.0	50.0	49.0	50.0	50.0	50.0	36.2	1283.6	1846.1	33245260.0	4828.0	0.0	0.0	86.5	86.58146408967376	86.47667544279062	13.41853591032624	86.47667544279062	100.0	0.0	0.5086739647065824	0.0
ES69_Blue-037_MG-protein_21	82346790.0	0.0	82346790.0	1.0	41173395.0	41173395.0	70700749.0	70636070.0	11646041.0	70636070.0	82346790.0	0.0	460032.0	0.0	8006878.0	0.0	4071065359.0	2040169061.0	2030896298.0	3501582140.0	3477509597.0	0.0	0.0	9686548.0	0.002785484	49.0	50.0	49.0	50.0	50.0	50.0	36.3	1254.9	1819.4	35311700.0	6335.0	0.0	0.0	85.8	85.85732242871885	85.77877777628005	14.142677571281165	85.77877777628005	100.0	0.0	0.5586520130292875	0.0
ES6_164_Control-protein_21	82433728.0	0.0	82433728.0	1.0	41216864.0	41216864.0	72141175.0	72074684.0	10292553.0	72074684.0	82433728.0	0.0	309971.0	0.0	6724251.0	0.0	4076209339.0	2042683919.0	2033525420.0	3572995950.0	3550717928.0	0.0	0.0	9613153.0	0.002707383	49.0	50.0	49.0	50.0	50.0	50.0	36.2	1235.3	1795.6	36031660.0	5682.0	0.0	0.0	87.4	87.51414833501161	87.43348838960674	12.485851664988388	87.43348838960674	100.0	0.0	0.37602448357060836	0.0
ES70_Blue-039_Control-lipid_0	109303726.0	0.0	109303726.0	1.0	54651863.0	54651863.0	96523694.0	96440910.0	12780032.0	96440910.0	109303726.0	0.0	526278.0	0.0	10420565.0	0.0	5405865504.0	2708704809.0	2697160695.0	4780927499.0	4752265824.0	0.0	0.0	8359683.0	0.001759094	49.0	50.0	49.0	50.0	50.0	50.0	36.3	1126.0	1700.8	48214287.0	6168.0	0.0	0.0	88.2	88.307780102574	88.23204251975821	11.692219897426003	88.23204251975821	100.0	0.0	0.48148221406468794	0.0
ES71_Blue-039_Control-lipid_14	77553610.0	0.0	77553610.0	1.0	38776805.0	38776805.0	68369102.0	68306260.0	9184508.0	68306260.0	77553610.0	0.0	404836.0	0.0	7351595.0	0.0	3834616887.0	1921685567.0	1912931320.0	3386227919.0	3367409002.0	0.0	0.0	5750238.0	0.001707615	49.0	50.0	49.0	50.0	50.0	50.0	36.3	1168.5	1740.5	34148743.0	4387.0	0.0	0.0	88.1	88.15721408713276	88.07618368764523	11.842785912867242	88.07618368764523	100.0	0.0	0.5220079374770562	0.0
ES72_Blue-039_Control-lipid_21	86166038.0	0.0	86166038.0	1.0	43083019.0	43083019.0	74606400.0	74515854.0	11559638.0	74515854.0	86166038.0	0.0	569553.0	0.0	9155383.0	0.0	4258338348.0	2134897282.0	2123441066.0	3695126225.0	3671841440.0	0.0	0.0	6430464.0	0.001751291	49.0	50.0	49.0	50.0	50.0	50.0	36.2	1149.8	1736.4	37253253.0	4674.0	0.0	0.0	86.5	86.58446150210597	86.47937833697308	13.41553849789403	86.47937833697308	100.0	0.0	0.6609947645498102	0.0
ES73_Blue-042_MG-protein_0	107063208.0	0.0	107063208.0	1.0	53531604.0	53531604.0	94574082.0	94464168.0	12489126.0	94464168.0	107063208.0	0.0	471272.0	0.0	9929408.0	0.0	5293663395.0	2653427261.0	2640236134.0	4684798611.0	4655126865.0	0.0	0.0	7741102.0	0.00166292	49.0	50.0	49.0	50.0	50.0	50.0	36.3	1050.4	1622.3	47226147.0	5937.0	0.0	0.0	88.2	88.33481059151525	88.23214787287151	11.665189408484752	88.23214787287151	100.0	0.0	0.4401810937703267	0.0
ES74_Blue-042_MG-protein_14	100644260.0	0.0	100644260.0	1.0	50322130.0	50322130.0	88351809.0	88243094.0	12292451.0	88243094.0	100644260.0	0.0	546549.0	0.0	9735255.0	0.0	4974831842.0	2493854747.0	2480977095.0	4376090066.0	4346013444.0	0.0	0.0	7687349.0	0.001768828	49.0	50.0	49.0	50.0	50.0	50.0	36.2	1080.9	1672.2	44116219.0	5328.0	0.0	0.0	87.7	87.78623738701044	87.67821831071142	12.213762612989553	87.67821831071142	100.0	0.0	0.5430503438546819	0.0
ES75_Blue-042_MG-protein_21	96737710.0	0.0	96737710.0	1.0	48368855.0	48368855.0	86108238.0	86034260.0	10629472.0	86034260.0	96737710.0	0.0	518149.0	0.0	9318724.0	0.0	4784980717.0	2397394264.0	2387586453.0	4265493665.0	4236433911.0	0.0	0.0	6847673.0	0.001616377	49.0	50.0	49.0	50.0	50.0	50.0	36.3	1069.5	1652.5	43012680.0	4450.0	0.0	0.0	88.9	89.01206985362792	88.93559709031773	10.987930146372083	88.93559709031773	100.0	0.0	0.5356225612535174	0.0
ES76_Blue-043_MG-lipid_0	82680930.0	0.0	82680930.0	1.0	41340465.0	41340465.0	72810917.0	72734088.0	9870013.0	72734088.0	82680930.0	0.0	481434.0	0.0	8087091.0	0.0	4087885774.0	2048712652.0	2039173122.0	3606389363.0	3584717272.0	0.0	0.0	8276037.0	0.0023087	49.0	50.0	49.0	50.0	50.0	50.0	36.3	1110.9	1710.4	36362063.0	4981.0	0.0	0.0	88.0	88.0625278404585	87.96960556684594	11.937472159541505	87.96960556684594	100.0	0.0	0.5822793720389937	0.0
ES77_Blue-043_MG-lipid_14	92837464.0	0.0	92837464.0	1.0	46418732.0	46418732.0	82326762.0	82245170.0	10510702.0	82245170.0	92837464.0	0.0	337970.0	0.0	7893782.0	0.0	4590896486.0	2300392308.0	2290504178.0	4077745851.0	4054257198.0	0.0	0.0	10104587.0	0.00249234	49.0	50.0	49.0	50.0	50.0	50.0	36.3	1085.5	1700.3	41116970.0	5615.0	0.0	0.0	88.6	88.67838311481665	88.59049618158463	11.321616885183335	88.59049618158463	100.0	0.0	0.36404484293108225	0.0
ES78_Blue-043_MG-lipid_21	101041168.0	0.0	101041168.0	1.0	50520584.0	50520584.0	89572147.0	89502366.0	11469021.0	89502366.0	101041168.0	0.0	399349.0	0.0	8673324.0	0.0	4997690256.0	2503569031.0	2494121225.0	4436634472.0	4410611392.0	0.0	0.0	10597430.0	0.002402712	49.0	50.0	49.0	50.0	50.0	50.0	36.4	1116.7	1723.1	44744161.0	7022.0	0.0	0.0	88.6	88.64916031057757	88.58009836149162	11.350839689422434	88.58009836149162	100.0	0.0	0.39523395058141053	0.0
ES79_Blue-050_Control-lipid_0	78684170.0	0.0	78684170.0	1.0	39342085.0	39342085.0	67542772.0	67480520.0	11141398.0	67480520.0	78684170.0	0.0	414462.0	0.0	7433010.0	0.0	3889425505.0	1949541480.0	1939884025.0	3345257274.0	3304166578.0	0.0	0.0	21886559.0	0.006623928	49.0	50.0	49.0	50.0	50.0	50.0	36.2	1146.4	1726.3	33734675.0	5585.0	0.0	0.0	85.8	85.84035645289262	85.76124015796316	14.159643547107379	85.76124015796316	100.0	0.0	0.5267412746426632	0.0
ES7_SEM19-1354_Control-protein_14	86567912.0	0.0	86567912.0	1.0	43283956.0	43283956.0	78331893.0	78268510.0	8236019.0	78268510.0	86567912.0	0.0	340191.0	0.0	7863940.0	0.0	4281829806.0	2145178934.0	2136650872.0	3879940786.0	3858644566.0	0.0	0.0	9764249.0	0.002530487	49.0	50.0	49.0	50.0	50.0	50.0	36.3	1013.7	1618.3	39129721.0	4534.0	0.0	0.0	90.4	90.486060239041	90.41284257843715	9.513939760959003	90.41284257843715	100.0	0.0	0.3929758638512616	0.0
ES80_Blue-050_Control-lipid_14	84399128.0	0.0	84399128.0	1.0	42199564.0	42199564.0	73557213.0	73491252.0	10841915.0	73491252.0	84399128.0	0.0	396867.0	0.0	7869107.0	0.0	4172324502.0	2091497471.0	2080827031.0	3642972358.0	3595593000.0	0.0	0.0	23742431.0	0.006603204	49.0	50.0	49.0	50.0	50.0	50.0	36.2	1125.6	1666.3	36740543.0	5083.0	0.0	0.0	87.1	87.15399642517635	87.07584277411019	12.846003574823664	87.07584277411019	100.0	0.0	0.4702264222445521	0.0
ES81_Blue-047_Control-lipid_0	90533332.0	0.0	90533332.0	1.0	45266666.0	45266666.0	80341857.0	80229894.0	10191475.0	80229894.0	90533332.0	0.0	416149.0	0.0	8156068.0	0.0	4475356240.0	2243868697.0	2231487543.0	3979847550.0	3952624050.0	0.0	0.0	6691393.0	0.001692899	49.0	50.0	49.0	50.0	50.0	50.0	36.3	1062.9	1625.1	40110258.0	4689.0	0.0	0.0	88.6	88.74284777235417	88.6191772992515	11.257152227645834	88.6191772992515	100.0	0.0	0.45966385065778864	0.0
ES82_Blue-047_Control-lipid_14	59875964.0	0.0	59875964.0	1.0	29937982.0	29937982.0	52338383.0	52271142.0	7537581.0	52271142.0	59875964.0	0.0	153438.0	0.0	4406180.0	0.0	2960266186.0	1484562174.0	1475704012.0	2592932471.0	2578479529.0	0.0	0.0	4404760.0	0.001708278	49.0	50.0	49.0	50.0	50.0	50.0	36.2	1162.0	1682.0	26131675.0	3896.0	0.0	0.0	87.3	87.41134088463276	87.29904039624314	12.588659115367228	87.29904039624314	100.0	0.0	0.25625975725417965	0.0
ES83_SEM19-1481_MG-lipid_0	93856590.0	0.0	93856590.0	1.0	46928295.0	46928295.0	83717302.0	83630366.0	10139288.0	83630366.0	93856590.0	0.0	445960.0	0.0	8666009.0	0.0	4640981796.0	2326024263.0	2314957533.0	4146775468.0	4120859105.0	0.0	0.0	9731860.0	0.002361609	49.0	50.0	49.0	50.0	50.0	50.0	36.3	1106.5	1671.6	41809915.0	5268.0	0.0	0.0	89.1	89.19704199779686	89.1044155769989	10.802958002203148	89.1044155769989	100.0	0.0	0.47515043962283304	0.0
ES84_LD19-239_MG-lipid_0	92771930.0	0.0	92771930.0	1.0	46385965.0	46385965.0	81605477.0	81528362.0	11166453.0	81528362.0	92771930.0	0.0	545621.0	0.0	9399032.0	0.0	4587146435.0	2298733144.0	2288413291.0	4041974323.0	4015638491.0	0.0	0.0	9930144.0	0.002472868	49.0	50.0	49.0	50.0	50.0	50.0	36.3	1134.6	1728.6	40758971.0	5210.0	0.0	0.0	87.9	87.96354349855608	87.88042029523369	12.036456501443919	87.88042029523369	100.0	0.0	0.588131560915031	0.0
ES85_orange-24_Control-protein_0	89848910.0	0.0	89848910.0	1.0	44924455.0	44924455.0	79338905.0	79285304.0	10510005.0	79285304.0	89848910.0	0.0	279438.0	0.0	7273117.0	0.0	4444789550.0	2226780595.0	2218008955.0	3929921341.0	3907291470.0	0.0	0.0	7817754.0	0.002000812	49.0	50.0	49.0	50.0	50.0	50.0	36.4	1058.9	1639.0	39636686.0	5966.0	0.0	0.0	88.2	88.3025792967327	88.24292247952702	11.697420703267296	88.24292247952702	100.0	0.0	0.3110087812974025	0.0
ES86_orange-24_Control-protein_14	70959198.0	0.0	70959198.0	1.0	35479599.0	35479599.0	62224505.0	62175278.0	8734693.0	62175278.0	70959198.0	0.0	285761.0	0.0	6622907.0	0.0	3509626475.0	1758495348.0	1751131127.0	3082157365.0	3066192927.0	0.0	0.0	5623474.0	0.001834025	49.0	50.0	49.0	50.0	50.0	50.0	36.4	1093.8	1679.8	31083150.0	4489.0	0.0	0.0	87.6	87.6905415419154	87.6211678717113	12.309458458084602	87.6211678717113	100.0	0.0	0.4027117104677536	0.0
ES87_orange-24_Control-protein_21	87430516.0	0.0	87430516.0	1.0	43715258.0	43715258.0	76869295.0	76811416.0	10561221.0	76811416.0	87430516.0	0.0	255211.0	0.0	7133265.0	0.0	4324621576.0	2166814655.0	2157806921.0	3807683297.0	3786806306.0	0.0	0.0	6749119.0	0.001782272	49.0	50.0	49.0	50.0	50.0	50.0	36.3	1036.7	1623.1	38400469.0	5239.0	0.0	0.0	87.9	87.92044073032807	87.85424073214895	12.07955926967193	87.85424073214895	100.0	0.0	0.291901514112075	0.0
ES88_610_MG-protein_0	97683402.0	0.0	97683402.0	1.0	48841701.0	48841701.0	87934418.0	87877616.0	9748984.0	87877616.0	97683402.0	0.0	247195.0	0.0	7469577.0	0.0	4834125272.0	2421439846.0	2412685426.0	4356235653.0	4328168947.0	0.0	0.0	7171423.0	0.001656918	49.0	50.0	49.0	50.0	50.0	50.0	36.4	1044.2	1606.4	43933877.0	4931.0	0.0	0.0	90.0	90.01981523944058	89.96166615900621	9.980184760559425	89.96166615900621	100.0	0.0	0.2530573208332773	0.0
ES89_Blue-049_Control-protein_0	221766.0	0.0	221766.0	1.0	110883.0	110883.0	9170.0	9154.0	212596.0	9154.0	221766.0	0.0	946.0	0.0	9994.0	0.0	10821518.0	5469289.0	5352229.0	452133.0	439962.0	0.0	0.0	2770.0	0.006295998	48.0	49.0	48.0	50.0	50.0	50.0	35.2	701.3	1598.3	4562.0	15.0	0.0	0.0	4.1	4.1349891326894115	4.1277743206803565	95.86501086731059	4.1277743206803565	100.0	0.0	0.4265757600353526	0.0
ES8_SEM19-1354_Control-protein_21	91646142.0	0.0	91646142.0	1.0	45823071.0	45823071.0	82200286.0	82117820.0	9445856.0	82117820.0	91646142.0	0.0	322344.0	0.0	8023585.0	0.0	4532304401.0	2271215969.0	2261088432.0	4071817573.0	4048314342.0	0.0	0.0	10193272.0	0.002517905	49.0	50.0	49.0	50.0	50.0	50.0	36.4	1003.0	1617.1	41053394.0	5516.0	0.0	0.0	89.6	89.69312205198993	89.60313899520177	10.306877948010076	89.60313899520177	100.0	0.0	0.35172675353862687	0.0
ES90_Blue-049_Control-protein_14	89000298.0	0.0	89000298.0	1.0	44500149.0	44500149.0	77254868.0	77139082.0	11745430.0	77139082.0	89000298.0	0.0	508696.0	0.0	9399115.0	0.0	4397895482.0	2205471400.0	2192424082.0	3826667112.0	3799166410.0	0.0	0.0	6273929.0	0.001651396	49.0	50.0	49.0	50.0	50.0	50.0	36.3	1055.8	1637.4	38564581.0	4960.0	0.0	0.0	86.7	86.80293182838557	86.67283563477507	13.197068171614438	86.67283563477507	100.0	0.0	0.5715666255409616	0.0
ES91_Blue-049_Control-protein_21	84817880.0	0.0	84817880.0	1.0	42408940.0	42408940.0	74264697.0	74187084.0	10553183.0	74187084.0	84817880.0	0.0	581689.0	0.0	9285470.0	0.0	4193294802.0	2101589473.0	2091705329.0	3678372262.0	3656408906.0	0.0	0.0	6023793.0	0.001647462	49.0	50.0	49.0	50.0	50.0	50.0	36.3	1100.4	1706.9	37089194.0	4348.0	0.0	0.0	87.5	87.55783214576927	87.46632667546041	12.442167854230735	87.46632667546041	100.0	0.0	0.6858094071674511	0.0
ES92_SEM19-76_MG-lipid_0	98832968.0	0.0	98832968.0	1.0	49416484.0	49416484.0	88070238.0	87942420.0	10762730.0	87942420.0	98832968.0	0.0	506426.0	0.0	10398970.0	0.0	4884514014.0	2449399675.0	2435114339.0	4362177355.0	4333752817.0	0.0	0.0	7943861.0	0.001833021	49.0	50.0	49.0	50.0	50.0	50.0	36.3	1039.7	1617.3	43967571.0	3639.0	0.0	0.0	89.0	89.11018234320353	88.98085505233436	10.889817656796465	88.98085505233436	100.0	0.0	0.5124059413049298	0.0
ES93_SEM19-76_MG-lipid_14	95620974.0	0.0	95620974.0	1.0	47810487.0	47810487.0	83922890.0	83850930.0	11698084.0	83850930.0	95620974.0	0.0	477292.0	0.0	9066443.0	0.0	4728707024.0	2369473879.0	2359233145.0	4156748777.0	4131967185.0	0.0	0.0	7863621.0	0.001903118	49.0	50.0	49.0	50.0	50.0	50.0	36.3	1125.9	1725.6	41919790.0	5675.0	0.0	0.0	87.7	87.76619447528321	87.69093901929926	12.233805524716784	87.69093901929926	100.0	0.0	0.4991499040785759	0.0
ES94_SEM19-76_MG-lipid_21	98579820.0	0.0	98579820.0	1.0	49289910.0	49289910.0	87137834.0	87030134.0	11441986.0	87030134.0	98579820.0	0.0	640376.0	0.0	11227598.0	0.0	4871800372.0	2442263337.0	2429537035.0	4315477441.0	4290744311.0	0.0	0.0	8414894.0	0.001961173	49.0	50.0	49.0	50.0	50.0	50.0	36.3	1093.5	1706.7	43510571.0	4496.0	0.0	0.0	88.3	88.39317620989773	88.28392464096608	11.606823790102275	88.28392464096608	100.0	0.0	0.6496015107351586	0.0
ES95_610_MG-protein_14	99608882.0	0.0	99608882.0	1.0	49804441.0	49804441.0	87370758.0	87295572.0	12238124.0	87295572.0	99608882.0	0.0	378869.0	0.0	8426604.0	0.0	4926361250.0	2468563027.0	2457798223.0	4327685824.0	4301591598.0	0.0	0.0	7843704.0	0.001823442	49.0	50.0	49.0	50.0	50.0	50.0	36.3	1063.3	1689.4	43641678.0	6108.0	0.0	0.0	87.6	87.71382254847514	87.6383413278346	12.286177451524855	87.6383413278346	100.0	0.0	0.38035664329612695	0.0
ES96_610_MG-protein_21	96373930.0	0.0	96373930.0	1.0	48186965.0	48186965.0	86208407.0	86087200.0	10165523.0	86087200.0	96373930.0	0.0	348996.0	0.0	7631435.0	0.0	4762586731.0	2388131377.0	2374455354.0	4269431366.0	4244555090.0	0.0	0.0	10460407.0	0.00246443	49.0	50.0	49.0	50.0	50.0	50.0	36.3	1037.8	1659.8	43037875.0	5725.0	0.0	0.0	89.3	89.45199910390704	89.32623168942058	10.548000896092958	89.32623168942058	100.0	0.0	0.36212697770029717	0.0
ES97_SEM19-107_MG-protein_0	95021410.0	0.0	95021410.0	1.0	47510705.0	47510705.0	84449073.0	84405404.0	10572337.0	84405404.0	95021410.0	0.0	801202.0	0.0	12562463.0	0.0	4701081167.0	2353886069.0	2347195098.0	4182562020.0	4155421022.0	0.0	0.0	9895053.0	0.00238124	49.0	50.0	49.0	50.0	50.0	50.0	36.4	1157.4	1774.2	42197001.0	5701.0	0.0	0.0	88.8	88.87373172004078	88.82777470887876	11.126268279959222	88.82777470887876	100.0	0.0	0.8431805000578292	0.0
ES98_SEM19-107_MG-protein_14	112499892.0	0.0	112499892.0	1.0	56249946.0	56249946.0	99658153.0	99604732.0	12841739.0	99604732.0	112499892.0	0.0	485587.0	0.0	10396523.0	0.0	5566408316.0	2787501517.0	2778906799.0	4935969618.0	4904413875.0	0.0	0.0	13099614.0	0.002670985	49.0	50.0	49.0	50.0	50.0	50.0	36.4	1130.5	1726.5	49794555.0	7811.0	0.0	0.0	88.5	88.58510993059441	88.53762455167512	11.414890069405578	88.53762455167512	100.0	0.0	0.43163330325686	0.0
ES99_SEM19-107_MG-protein_21	93174808.0	0.0	93174808.0	1.0	46587404.0	46587404.0	81480934.0	81437246.0	11693874.0	81437246.0	93174808.0	0.0	1011024.0	0.0	13954032.0	0.0	4609391587.0	2308001719.0	2301389868.0	4035676779.0	4008829901.0	0.0	0.0	9996858.0	0.00249371	49.0	50.0	49.0	50.0	50.0	50.0	36.3	1148.5	1790.6	40712854.0	5769.0	0.0	0.0	87.4	87.44953249595106	87.40264428556698	12.550467504048948	87.40264428556698	100.0	0.0	1.0850829979708678	0.0
ES9_172_Control-protein_0	90501892.0	0.0	90501892.0	1.0	45250946.0	45250946.0	81676722.0	81598196.0	8825170.0	81598196.0	90501892.0	0.0	349006.0	0.0	9897445.0	0.0	4475926966.0	2242482673.0	2233444293.0	4046023753.0	4027564655.0	0.0	0.0	7525495.0	0.001868498	49.0	50.0	49.0	50.0	50.0	50.0	36.3	967.8	1585.3	40794759.0	4339.0	0.0	0.0	90.2	90.2486348020216	90.16186755521089	9.751365197978403	90.16186755521089	100.0	0.0	0.3856339268575733	0.0
