Sample	cutadapt_version	r_processed	r_with_adapters	r_written	bp_processed	quality_trimmed	bp_written	percent_trimmed
ES100_SEM19-140_Control-lipid_0_1	3.4	45410205	13155863	45410205	2270510250	2097601	2249939398	0.9060012831917408
ES100_SEM19-140_Control-lipid_0_2	3.4	45410205	15100101	45410205	2270510250	16342240	2232574367	1.6708087091877255
ES101_SEM19-140_Control-lipid_14_1	3.4	42988673	12766453	42988673	2149433650	2003165	2129767386	0.9149509685958438
ES101_SEM19-140_Control-lipid_14_2	3.4	42988673	14623774	42988673	2149433650	11457203	2117030203	1.507534182318212
ES102_SEM19-140_Control-lipid_21_1	3.4	48174120	14080346	48174120	2408706000	2157921	2386401188	0.9260080723840933
ES102_SEM19-140_Control-lipid_21_2	3.4	48174120	15981561	48174120	2408706000	24752041	2361109657	1.976012971280015
ES103_625_Control-lipid_0_1	3.4	50992615	14961998	50992615	2549630750	2354717	2525788254	0.9351352543892876
ES103_625_Control-lipid_0_2	3.4	50992615	16796014	50992615	2549630750	11790754	2513603034	1.4130562239257587
ES104_625_Control-lipid_14_1	3.4	41077281	12153641	41077281	2053864050	1669207	2030564157	1.1344418341613214
ES104_625_Control-lipid_14_2	3.4	41077281	13473884	41077281	2053864050	29800781	2004873959	2.3852645456255974
ES105_625_Control-lipid_21_1	3.4	53394179	15593005	53394179	2669708950	1681605	2646296262	0.8769752972510356
ES105_625_Control-lipid_21_2	3.4	53394179	17602811	53394179	2669708950	11235463	2632948728	1.376937437318776
ES10_172_Control-protein_14_1	3.4	42919861	12671620	42919861	2145993050	2040507	2124177269	1.0165820900491733
ES10_172_Control-protein_14_2	3.4	42919861	14258237	42919861	2145993050	22276340	2103451656	1.9823640155777766
ES11_172_Control-protein_21_1	3.4	48298663	14269948	48298663	2414933150	2333514	2392794256	0.9167497659303737
ES11_172_Control-protein_21_2	3.4	48298663	16041214	48298663	2414933150	33137650	2359106519	2.3117257303789134
ES12_209_MG-lipid_0_1	3.4	48405960	14062008	48405960	2420298000	1833821	2398990454	0.8803686983999491
ES12_209_MG-lipid_0_2	3.4	48405960	16349218	48405960	2420298000	22630606	2374447183	1.8944285786295738
ES13_209_MG-lipid_14_1	3.4	47878628	13974230	47878628	2393931400	1925927	2372371339	0.900613150401887
ES13_209_MG-lipid_14_2	3.4	47878628	15841645	47878628	2393931400	25379937	2345997003	2.0023295989183314
ES14_209_MG-lipid_21_1	3.4	40169252	11663659	40169252	2008462600	1646409	1990594023	0.8896644129694025
ES14_209_MG-lipid_21_2	3.4	40169252	13523682	40169252	2008462600	20936100	1968319989	1.998673562554762
ES15_601_Control-protein_14_1	3.4	44752398	12924674	44752398	2237619900	1920699	2217826746	0.8845628339290333
ES15_601_Control-protein_14_2	3.4	44752398	14642864	44752398	2237619900	24597180	2192131994	2.0328701045249016
ES16_601_Control-protein_21_1	3.4	48927075	14236462	48927075	2446353750	1852363	2424602511	0.8891289332133588
ES16_601_Control-protein_21_2	3.4	48927075	16008422	48927075	2446353750	20270865	2403239092	1.7624048852297014
ES17_615_Control-protein_0_1	3.4	46470216	13423832	46470216	2323510800	1813906	2303085080	0.8790886618646231
ES17_615_Control-protein_0_2	3.4	46470216	15560936	46470216	2323510800	21798834	2279657389	1.887377110534627
ES18_615_Control-protein_14_1	3.4	44847689	13220479	44847689	2242384450	1826603	2221637359	0.925224530521517
ES18_615_Control-protein_14_2	3.4	44847689	14679435	44847689	2242384450	30337189	2191193688	2.282871788555259
ES19_615_Control-protein_21_1	3.4	43779323	12780356	43779323	2188966150	2051580	2165211056	1.0852197965692616
ES19_615_Control-protein_21_2	3.4	43779323	14385072	43779323	2188966150	32004246	2136506274	2.3965594899674443
ES1_48_Control-lipid_0_1	3.4	51030869	14946523	51030869	2551543450	2100454	2525129455	1.0352163511070134
ES1_48_Control-lipid_0_2	3.4	51030869	16630989	51030869	2551543450	24734640	2503078809	1.8994244836395007
ES20_618_Control-lipid_0_1	3.4	47849211	13752772	47849211	2392460550	1747237	2371589946	0.8723489296406581
ES20_618_Control-lipid_0_2	3.4	47849211	15870908	47849211	2392460550	19140636	2350661034	1.747135015455114
ES21_618_Control-lipid_14_1	3.4	33752786	9859139	33752786	1687639300	1629842	1655471726	1.9060692649193463
ES21_618_Control-lipid_14_2	3.4	33752786	11095299	33752786	1687639300	17475113	1653937035	1.9970064100782674
ES22_618_Control-lipid_21_1	3.4	46382754	13455234	46382754	2319137700	2273516	2296956228	0.9564534266335285
ES22_618_Control-lipid_21_2	3.4	46382754	15512290	46382754	2319137700	25428674	2271627450	2.0486170355473075
ES23_Blue-010_Control-lipid_0_1	3.4	45957789	13536128	45957789	2297889450	1734414	2277323667	0.8949857444186446
ES23_Blue-010_Control-lipid_0_2	3.4	45957789	15265022	45957789	2297889450	20919209	2255195476	1.8579646640529204
ES24_Blue-010_Control-lipid_21_1	3.4	49818486	14397046	49818486	2490924300	1944361	2468923987	0.8832188517330695
ES24_Blue-010_Control-lipid_21_2	3.4	49818486	16240719	49818486	2490924300	22004218	2445668524	1.8168266293760913
ES25_619_MG-lipid_0_1	3.4	44150438	12870207	44150438	2207521900	1690203	2187965719	0.8858884253877618
ES25_619_MG-lipid_0_2	3.4	44150438	14716059	44150438	2207521900	20573801	2166069139	1.8777961387381932
ES26_619_MG-lipid_14_1	3.4	44410086	13100587	44410086	2220504300	1949934	2196111867	1.0985087036309726
ES26_619_MG-lipid_14_2	3.4	44410086	14914635	44410086	2220504300	28151618	2171151374	2.222599884179463
ES27_619_MG-lipid_21_1	3.4	44969958	13364491	44969958	2248497900	1737143	2228135590	0.905596131532967
ES27_619_MG-lipid_21_2	3.4	44969958	14932869	44969958	2248497900	18296714	2208850209	1.7632967769282772
ES28_Blue-098_Control-lipid_0_1	3.4	54464395	15773760	54464395	2723219750	2097024	2699058378	0.887235486596335
ES28_Blue-098_Control-lipid_0_2	3.4	54464395	17656576	54464395	2723219750	22127815	2675754644	1.7429774442550956
ES29_Blue-098_Control-lipid_14_1	3.4	52140641	15299230	52140641	2607032050	1745655	2582467097	0.9422574225736887
ES29_Blue-098_Control-lipid_14_2	3.4	52140641	17049977	52140641	2607032050	13799055	2568664295	1.471702467179105
ES2_48_Control-lipid_14_1	3.4	45624327	13031486	45624327	2281216350	2281404	2259800996	0.938769091322706
ES2_48_Control-lipid_14_2	3.4	45624327	15023700	45624327	2281216350	24006445	2235784980	1.9915414861900318
ES30_Blue-098_Control-lipid_21_1	3.4	35667230	10372965	35667230	1783361500	1525729	1767389851	0.8955923406443393
ES30_Blue-098_Control-lipid_21_2	3.4	35667230	11736795	35667230	1783361500	23534874	1743109214	2.2571018831571728
ES31_Blue-055_NA_0_1	3.4	46585222	13276926	46585222	2329261100	1342211	2309505574	0.8481456200852708
ES31_Blue-055_NA_0_2	3.4	46585222	15433891	46585222	2329261100	6019110	2301014972	1.2126647373280737
ES32_Blue-055_NA_14_1	3.4	48039457	13688235	48039457	2401972850	1744538	2381062766	0.8705378997102319
ES32_Blue-055_NA_14_2	3.4	48039457	15742907	48039457	2401972850	18868669	2360532932	1.7252450626159241
ES33_101-LS_MG-lipid_0_1	3.4	48139143	13730811	48139143	2406957150	1826229	2385537259	0.8899157594060202
ES33_101-LS_MG-lipid_0_2	3.4	48139143	15662010	48139143	2406957150	15201545	2369348992	1.562477254736338
ES34_101-LS_MG-lipid_14_1	3.4	45028801	13086894	45028801	2251440050	1456870	2231838301	0.8706316208597249
ES34_101-LS_MG-lipid_14_2	3.4	45028801	14890955	45028801	2251440050	10184624	2219813384	1.4047305412373738
ES35_101-LS_MG-lipid_21_1	3.4	45405269	13232857	45405269	2270263450	2087188	2249855354	0.8989307386329988
ES35_101-LS_MG-lipid_21_2	3.4	45405269	15161735	45405269	2270263450	19338866	2229241611	1.8069197651928899
ES36_AR17-21_MG-lipid_0_1	3.4	42487772	12164891	42487772	2124388600	1628664	2105347505	0.8963094134472385
ES36_AR17-21_MG-lipid_0_2	3.4	42487772	14135902	42487772	2124388600	21876087	2082285259	1.9819039228510262
ES37_AR17-21_MG-lipid_14_1	3.4	47722441	13930823	47722441	2386122050	1897623	2364688291	0.8982675047992621
ES37_AR17-21_MG-lipid_14_2	3.4	47722441	15831517	47722441	2386122050	26051315	2337499555	2.037720367237711
ES38_AR17-21_MG-lipid_21_1	3.4	43890238	12789566	43890238	2194511900	1842156	2174876135	0.8947668499769813
ES38_AR17-21_MG-lipid_21_2	3.4	43890238	14405301	43890238	2194511900	20034119	2153881582	1.8514512498200624
ES39_LD19-239_MG-lipid_14_1	3.4	45700249	13620418	45700249	2285012450	1679455	2264220290	0.9099363988148073
ES39_LD19-239_MG-lipid_14_2	3.4	45700249	15145599	45700249	2285012450	25352277	2238141539	2.0512321935051165
ES3_48_Control-lipid_21_1	3.4	42465153	12376632	42465153	2123257650	1734548	2103982202	0.907824257691948
ES3_48_Control-lipid_21_2	3.4	42465153	14166261	42465153	2123257650	21315412	2081771029	1.9539136477384176
ES40_LD19-239_MG-lipid_21_1	3.4	53032480	15624197	53032480	2651624000	1953016	2627960505	0.8924151765106969
ES40_LD19-239_MG-lipid_21_2	3.4	53032480	17406622	53032480	2651624000	25596371	2601177719	1.9024673558543745
ES41_Blue-013_Control-protein_0_1	3.4	49547668	14588379	49547668	2477383400	2306656	2454726586	0.9145461295978652
ES41_Blue-013_Control-protein_0_2	3.4	49547668	16241428	49547668	2477383400	27763628	2426599486	2.0499012789058004
ES42_Blue-013_Control-protein_14_1	3.4	43814409	13198797	43814409	2190720450	1719019	2168272074	1.0247029008196824
ES42_Blue-013_Control-protein_14_2	3.4	43814409	14447590	43814409	2190720450	20053187	2150006885	1.8584555140296426
ES43_Blue-013_Control-protein_21_1	3.4	46998471	13971833	46998471	2349923550	1850961	2328618388	0.9066321327772556
ES43_Blue-013_Control-protein_21_2	3.4	46998471	15479316	46998471	2349923550	24258691	2303652444	1.969047290921443
ES44_Blue-015_MG-lipid_0_1	3.4	49548155	14517117	49548155	2477407750	1735708	2454815047	0.9119493147625779
ES44_Blue-015_MG-lipid_0_2	3.4	49548155	16323988	49548155	2477407750	18772524	2435270851	1.7008463382743515
ES45_Blue-015_MG-lipid_14_1	3.4	53891868	15998112	53891868	2694593400	1573742	2670669728	0.8878397757524381
ES45_Blue-015_MG-lipid_14_2	3.4	53891868	17784562	53891868	2694593400	8069500	2660880607	1.251127275825733
ES46_Blue-015_MG-lipid_21_1	3.4	46181192	13988938	46181192	2309059600	1650029	2287955424	0.9139727705599284
ES46_Blue-015_MG-lipid_21_2	3.4	46181192	15424885	46181192	2309059600	16819937	2270253515	1.6806012716172418
ES47_Blue-45_MG-protein_0_1	3.4	43201675	12829937	43201675	2160083750	1461870	2138527558	0.997933158841642
ES47_Blue-45_MG-protein_0_2	3.4	43201675	14061698	43201675	2160083750	13980188	2125906828	1.5822035603943598
ES48_Blue-45_MG-protein_14_1	3.4	45560444	13144439	45560444	2278022200	1593150	2257492358	0.9012134297901048
ES48_Blue-45_MG-protein_14_2	3.4	45560444	14819403	45560444	2278022200	16947304	2239844029	1.6759349843034892
ES49_Blue-024_Control-protein_0_1	3.4	44545402	12851966	44545402	2227270100	2271268	2207154735	0.9031399020711497
ES49_Blue-024_Control-protein_0_2	3.4	44545402	14692639	44545402	2227270100	24488678	2181975911	2.0336190478200193
ES4_164_Control-protein_0_1	3.4	45134181	12987304	45134181	2256709050	2281017	2235843941	0.924581261372617
ES4_164_Control-protein_0_2	3.4	45134181	14942148	45134181	2256709050	25994287	2209438236	2.094679152370129
ES50_Blue-024_Control-protein_14_1	3.4	39783087	11556684	39783087	1989154350	1881884	1970547481	0.9354160475279356
ES50_Blue-024_Control-protein_14_2	3.4	39783087	13369878	39783087	1989154350	23079427	1946979926	2.120218775380603
ES51_Blue-024_Control-protein_21_1	3.4	38574255	11049376	38574255	1928712750	1935505	1911310941	0.9022499073540111
ES51_Blue-024_Control-protein_21_2	3.4	38574255	12755954	38574255	1928712750	19996066	1890486216	1.9819713433221198
ES52_SEM19-1481_MG-lipid_14_1	3.4	45481885	13347434	45481885	2274094250	1848430	2253298258	0.9144736195520481
ES52_SEM19-1481_MG-lipid_14_2	3.4	45481885	15047644	45481885	2274094250	28331140	2224332965	2.1881804151257143
ES53_SEM19-74_MG-protein_0_1	3.4	41518457	12018801	41518457	2075922850	1490418	2056198350	0.9501557343520739
ES53_SEM19-74_MG-protein_0_2	3.4	41518457	13871561	41518457	2075922850	22672569	2033458824	2.0455493324330427
ES54_SEM19-74_MG-protein_14_1	3.4	42985934	12561948	42985934	2149296700	1791201	2130100874	0.8931212707859274
ES54_SEM19-74_MG-protein_14_2	3.4	42985934	14411092	42985934	2149296700	21980396	2106796861	1.9773835320177062
ES55_SEM19-74_MG-protein_21_1	3.4	38374451	11223728	38374451	1918722550	2282542	1900488000	0.9503484492846554
ES55_SEM19-74_MG-protein_21_2	3.4	38374451	12726517	38374451	1918722550	23276114	1877401014	2.153596203890969
ES56_Blue-050_Control-lipid_21_1	3.4	49008438	13836010	49008438	2450421900	2008941	2429066664	0.8714922111984063
ES56_Blue-050_Control-lipid_21_2	3.4	49008438	16296206	49008438	2450421900	28171254	2398997678	2.0985864515820727
ES57_Blue-031_MG-lipid_0_1	3.4	52900129	15078533	52900129	2645006450	1967944	2622174009	0.8632281785172962
ES57_Blue-031_MG-lipid_0_2	3.4	52900129	17481868	52900129	2645006450	17973397	2601951657	1.6277764842501614
ES58_Blue-032_MG-protein_0_1	3.4	50394725	14562579	50394725	2519736250	2788056	2496582046	0.9189137950450171
ES58_Blue-032_MG-protein_0_2	3.4	50394725	16549403	50394725	2519736250	28582650	2467539184	2.0715289546673783
ES59_Blue-032_MG-protein_14_1	3.4	47661017	13905240	47661017	2383050850	2144163	2360481383	0.9470828958601534
ES59_Blue-032_MG-protein_14_2	3.4	47661017	15902360	47661017	2383050850	28310751	2332046872	2.1402807246014075
ES5_164_Control-protein_14_1	3.4	42390293	12313286	42390293	2119514650	1587374	2099668953	0.9363321456636311
ES5_164_Control-protein_14_2	3.4	42390293	13900913	42390293	2119514650	21485949	2078173301	1.9505101792997752
ES60_Blue-032_MG-protein_21_1	3.4	42841580	12635315	42841580	2142079000	1800067	2122689930	0.905151957514172
ES60_Blue-032_MG-protein_21_2	3.4	42841580	14338770	42841580	2142079000	25436183	2096212154	2.141230365453375
ES61_Blue-035_MG-protein_0_1	3.4	39132317	11475886	39132317	1956615850	1411232	1938752300	0.912981973441542
ES61_Blue-035_MG-protein_0_2	3.4	39132317	12936456	39132317	1956615850	17621738	1920461044	1.8478234243068203
ES62_Blue-035_MG-protein_14_1	3.4	44900450	13070623	44900450	2245022500	1770054	2224778652	0.9017213858658433
ES62_Blue-035_MG-protein_14_2	3.4	44900450	14860583	44900450	2245022500	25994344	2197842751	2.1015267775712716
ES63_Blue-035_MG-protein_21_1	3.4	41264470	11938290	41264470	2063223500	1549510	2044927221	0.8867812430403201
ES63_Blue-035_MG-protein_21_2	3.4	41264470	13628313	41264470	2063223500	20186411	2023568436	1.9219955569525067
ES64_SEM19-1481_MG-lipid_21_1	3.4	46678182	13496136	46678182	2333909100	1929317	2312887728	0.9006936902555459
ES64_SEM19-1481_MG-lipid_21_2	3.4	46678182	15413790	46678182	2333909100	23536227	2288292806	1.9545017413060344
ES65_106_NA_0_1	3.4	45915339	13027378	45915339	2295766950	2065481	2275055157	0.9021731495873307
ES65_106_NA_0_2	3.4	45915339	15066584	45915339	2295766950	27874674	2246389202	2.1508170940434526
ES66_617_Control-protein_14_1	3.4	43389251	12501049	43389251	2169462550	2034374	2150031757	0.8956500770202279
ES66_617_Control-protein_14_2	3.4	43389251	14567149	43389251	2169462550	28918907	2119790479	2.2896026022666307
ES67_Blue-037_MG-protein_0_1	3.4	43114045	12849086	43114045	2155702250	2038481	2135529457	0.9357875374486435
ES67_Blue-037_MG-protein_0_2	3.4	43114045	14183133	43114045	2155702250	27821717	2107721332	2.22576740363842
ES68_Blue-037_MG-protein_14_1	3.4	38873266	11437894	38873266	1943663300	1651059	1925708090	0.9237819122272876
ES68_Blue-037_MG-protein_14_2	3.4	38873266	12837571	38873266	1943663300	24884000	1900473788	2.2220675772393292
ES69_Blue-037_MG-protein_21_1	3.4	41538314	12348832	41538314	2076915700	1874867	2057815851	0.9196256256332407
ES69_Blue-037_MG-protein_21_2	3.4	41538314	13766217	41538314	2076915700	21951830	2035333834	2.002096955596224
ES6_164_Control-protein_21_1	3.4	41554569	12279359	41554569	2077728450	1585389	2058762198	0.9128359386906407
ES6_164_Control-protein_21_2	3.4	41554569	13647256	41554569	2077728450	20575779	2037615382	1.9306212994291916
ES70_Blue-039_Control-lipid_0_1	3.4	55078029	15716686	55078029	2753901450	2546352	2729043966	0.9026279426230013
ES70_Blue-039_Control-lipid_0_2	3.4	55078029	18279051	55078029	2753901450	25263316	2702386142	1.8706300474187267
ES71_Blue-039_Control-lipid_14_1	3.4	39092259	11432562	39092259	1954612950	1712771	1936946257	0.9038461041609287
ES71_Blue-039_Control-lipid_14_2	3.4	39092259	13070663	39092259	1954612950	19165278	1916760068	1.9365922035869045
ES72_Blue-039_Control-lipid_21_1	3.4	43565736	12603570	43565736	2178286800	2327460	2157874627	0.9370746313111754
ES72_Blue-039_Control-lipid_21_2	3.4	43565736	14534163	43565736	2178286800	28288213	2129299247	2.248902807472368
ES73_Blue-042_MG-protein_0_1	3.4	54067108	15426307	54067108	2703355400	2295400	2679467542	0.8836373493474072
ES73_Blue-042_MG-protein_0_2	3.4	54067108	17841261	54067108	2703355400	31196956	2646683743	2.096345045864114
ES74_Blue-042_MG-protein_14_1	3.4	50856622	14708816	50856622	2542831100	2500233	2519073910	0.9342810853619022
ES74_Blue-042_MG-protein_14_2	3.4	50856622	16854475	50856622	2542831100	31266350	2487530146	2.1747788911343737
ES75_Blue-042_MG-protein_21_1	3.4	48752999	13847499	48752999	2437649950	2331935	2415877531	0.893172500013794
ES75_Blue-042_MG-protein_21_2	3.4	48752999	16165695	48752999	2437649950	22271739	2392235263	1.8630520350142972
ES76_Blue-043_MG-lipid_0_1	3.4	41698955	12185574	41698955	2084947750	1845717	2065737962	0.9213558469270992
ES76_Blue-043_MG-lipid_0_2	3.4	41698955	13678499	41698955	2084947750	21775718	2043603980	1.9829643212881474
ES77_Blue-043_MG-lipid_14_1	3.4	46808497	13768831	46808497	2340424850	1864713	2318168338	0.9509603352570796
ES77_Blue-043_MG-lipid_14_2	3.4	46808497	15186225	46808497	2340424850	23153006	2295523841	1.9184982162533437
ES78_Blue-043_MG-lipid_21_1	3.4	50869044	15052346	50869044	2543452200	2019180	2520237058	0.9127414307215996
ES78_Blue-043_MG-lipid_21_2	3.4	50869044	16583460	50869044	2543452200	21295187	2498418960	1.770555782412581
ES79_Blue-050_Control-lipid_0_1	3.4	39723303	11605142	39723303	1986165150	1857966	1967989562	0.9151096020388839
ES79_Blue-050_Control-lipid_0_2	3.4	39723303	13280066	39723303	1986165150	22815870	1944434804	2.1010511638470746
ES7_SEM19-1354_Control-protein_14_1	3.4	43586968	12839630	43586968	2179348400	1686723	2159723781	0.9004810336887851
ES7_SEM19-1354_Control-protein_14_2	3.4	43586968	14533675	43586968	2179348400	18275746	2140323887	1.7906504990207164
ES80_Blue-050_Control-lipid_14_1	3.4	42584696	12291334	42584696	2129234800	1885706	2110243454	0.8919329141154372
ES80_Blue-050_Control-lipid_14_2	3.4	42584696	14616175	42584696	2129234800	23120205	2085319281	2.0625024069679867
ES81_Blue-047_Control-lipid_0_1	3.4	45744603	13004652	45744603	2287230150	1936002	2267048069	0.882380857037933
ES81_Blue-047_Control-lipid_0_2	3.4	45744603	15109860	45744603	2287230150	28276708	2237359901	2.180377387907378
ES82_Blue-047_Control-lipid_14_1	3.4	30270088	8125860	30270088	1513504400	1213082	1500693628	0.8464311038672897
ES82_Blue-047_Control-lipid_14_2	3.4	30270088	9814411	30270088	1513504400	19791551	1479580192	2.2414343823513168
ES83_SEM19-1481_MG-lipid_0_1	3.4	47362824	13599016	47362824	2368141200	1981711	2347196444	0.88443864749281
ES83_SEM19-1481_MG-lipid_0_2	3.4	47362824	15755299	47362824	2368141200	25389615	2320166349	2.025844193749933
ES84_LD19-239_MG-lipid_0_1	3.4	46804558	13711501	46804558	2340227900	2133997	2318949158	0.909259393070222
ES84_LD19-239_MG-lipid_0_2	3.4	46804558	15555948	46804558	2340227900	24578952	2293449496	1.9988824165372954
ES85_orange-24_Control-protein_0_1	3.4	45239225	12951472	45239225	2261961250	1850636	2240602489	0.9442584836499741
ES85_orange-24_Control-protein_0_2	3.4	45239225	14906147	45239225	2261961250	18246885	2222201213	1.757768264155719
ES86_orange-24_Control-protein_14_1	3.4	35737652	10282658	35737652	1786882600	1528417	1770143380	0.9367834238242624
ES86_orange-24_Control-protein_14_2	3.4	35737652	11687998	35737652	1786882600	15605226	1754477859	1.8134790164725987
ES87_orange-24_Control-protein_21_1	3.4	44212800	12738153	44212800	2210640000	2012550	2181951924	1.2977271740310499
ES87_orange-24_Control-protein_21_2	3.4	44212800	14547753	44212800	2210640000	23281883	2166020218	2.018410143668802
ES88_610_MG-protein_0_1	3.4	49105301	13952709	49105301	2455265050	1640915	2434219253	0.8571700639814834
ES88_610_MG-protein_0_2	3.4	49105301	15988427	49105301	2455265050	16361780	2415895279	1.6034835424387277
ES89_Blue-049_Control-protein_0_1	3.4	300810	218017	300810	15040500	77227	5759305	61.70802167481134
ES89_Blue-049_Control-protein_0_2	3.4	300810	102784	300810	15040500	3175071	11381112	24.330228383364915
ES8_SEM19-1354_Control-protein_21_1	3.4	46215514	13501163	46215514	2310775700	1670412	2289899108	0.9034451937503064
ES8_SEM19-1354_Control-protein_21_2	3.4	46215514	15167308	46215514	2310775700	23254410	2265890587	1.9424262164432489
ES90_Blue-049_Control-protein_14_1	3.4	45021520	12736111	45021520	2251076000	2393619	2230935429	0.8947086193447045
ES90_Blue-049_Control-protein_14_2	3.4	45021520	14827458	45021520	2251076000	31217202	2198650475	2.3289095970104965
ES91_Blue-049_Control-protein_21_1	3.4	42838386	12284410	42838386	2141919300	2346503	2121323491	0.9615585890654237
ES91_Blue-049_Control-protein_21_2	3.4	42838386	14321063	42838386	2141919300	24325288	2097108062	2.0921067381016645
ES92_SEM19-76_MG-lipid_0_1	3.4	50014098	14313389	50014098	2500704900	2243736	2478094733	0.9041517453738743
ES92_SEM19-76_MG-lipid_0_2	3.4	50014098	16885909	50014098	2500704900	34235835	2442376964	2.3324597796405326
ES93_SEM19-76_MG-lipid_14_1	3.4	48222631	13842903	48222631	2411131550	2264029	2389335377	0.9039810789253702
ES93_SEM19-76_MG-lipid_14_2	3.4	48222631	15943757	48222631	2411131550	24029508	2364197497	1.9465571258440877
ES94_SEM19-76_MG-lipid_21_1	3.4	49787416	14661309	49787416	2489370800	2601449	2466144444	0.9330211473517727
ES94_SEM19-76_MG-lipid_21_2	3.4	49787416	16767338	49787416	2489370800	29842064	2435626731	2.1589418900551096
ES95_610_MG-protein_14_1	3.4	50223799	14376486	50223799	2511189950	2079455	2488963785	0.8850849773431116
ES95_610_MG-protein_14_2	3.4	50223799	16501327	50223799	2511189950	24822970	2462765810	1.9283344137308291
ES96_610_MG-protein_21_1	3.4	48710026	14451277	48710026	2435501300	1756838	2413197399	0.9157827589745076
ES96_610_MG-protein_21_2	3.4	48710026	16456398	48710026	2435501300	31069690	2380885431	2.2424898315595234
ES97_SEM19-107_MG-protein_0_1	3.4	47762041	14117194	47762041	2388102050	2587977	2365869130	0.9309870153999491
ES97_SEM19-107_MG-protein_0_2	3.4	47762041	15829477	47762041	2388102050	15173642	2350249920	1.5850298357224724
ES98_SEM19-107_MG-protein_14_1	3.4	56505354	16742287	56505354	2825267700	2217314	2799697936	0.9050386269591374
ES98_SEM19-107_MG-protein_14_2	3.4	56505354	18372992	56505354	2825267700	16677180	2782069811	1.5289839260187628
ES99_SEM19-107_MG-protein_21_1	3.4	46852208	13764912	46852208	2342610400	2832515	2320066084	0.9623587430500606
ES99_SEM19-107_MG-protein_21_2	3.4	46852208	15337404	46852208	2342610400	15900656	2304718589	1.6175037471019509
ES9_172_Control-protein_0_1	3.4	45596036	13348013	45596036	2279801800	1935929	2259211361	0.9031679420553138
ES9_172_Control-protein_0_2	3.4	45596036	14828931	45596036	2279801800	21119355	2237614411	1.8504849412786673
