Sample	bam_file	reads_aligned	total_alignments	non_unique_alignments	reads_aligned_genes	ambiguous_alignments	not_aligned	5_3_bias	reads_aligned_exonic	reads_aligned_intronic	reads_aligned_intergenic	reads_aligned_overlapping_exon
ES100_SEM19-140_Control-lipid_0	ES100_SEM19-140_Control-lipid_0.sorted.bam	40627251.0	91843034.0	14903770.0	66506040.0	13081.0	8962538.0	1.35	66506040.0	7200942.0	3173467.0	1006423.0
ES101_SEM19-140_Control-lipid_14	ES101_SEM19-140_Control-lipid_14.sorted.bam	38098572.0	86839006.0	14569105.0	61677205.0	13412.0	9383652.0	1.39	61677205.0	7488219.0	3048560.0	974382.0
ES102_SEM19-140_Control-lipid_21	ES102_SEM19-140_Control-lipid_21.sorted.bam	41964756.0	94274548.0	14443478.0	68145949.0	17216.0	11530992.0	1.38	68145949.0	8093421.0	3520369.0	1114082.0
ES103_625_Control-lipid_0	ES103_625_Control-lipid_0.sorted.bam	45581039.0	103477030.0	17264102.0	73881265.0	19659.0	10413457.0	1.35	73881265.0	8699675.0	3570354.0	1244121.0
ES104_625_Control-lipid_14	ES104_625_Control-lipid_14.sorted.bam	35315325.0	79137198.0	12049081.0	57367578.0	16489.0	10344092.0	1.38	57367578.0	6998840.0	2674026.0	968173.0
ES105_625_Control-lipid_21	ES105_625_Control-lipid_21.sorted.bam	48558988.0	105069269.0	12410293.0	79163683.0	21522.0	9299979.0	1.39	79163683.0	9500614.0	3922783.0	1340466.0
ES10_172_Control-protein_14	ES10_172_Control-protein_14.sorted.bam	38013144.0	85232268.0	12931063.0	62269314.0	12177.0	8943931.0	1.38	62269314.0	7007780.0	2975369.0	937639.0
ES11_172_Control-protein_21	ES11_172_Control-protein_21.sorted.bam	42017191.0	94929000.0	15065955.0	69130947.0	12895.0	11352550.0	1.4	69130947.0	7493101.0	3189071.0	996126.0
ES12_209_MG-lipid_0	ES12_209_MG-lipid_0.sorted.bam	43181169.0	95178815.0	12747576.0	73045587.0	9697.0	9588674.0	1.34	73045587.0	6571893.0	2773901.0	984336.0
ES13_209_MG-lipid_14	ES13_209_MG-lipid_14.sorted.bam	42207808.0	93542584.0	13362428.0	70098087.0	12989.0	10398026.0	1.33	70098087.0	6826424.0	3215783.0	1024386.0
ES14_209_MG-lipid_21	ES14_209_MG-lipid_21.sorted.bam	35511004.0	78805219.0	11136929.0	59372884.0	9352.0	8517181.0	1.33	59372884.0	5846671.0	2417809.0	827582.0
ES15_601_Control-protein_14	ES15_601_Control-protein_14.sorted.bam	39081378.0	86562272.0	12053647.0	64359501.0	13718.0	10477455.0	1.39	64359501.0	6960582.0	3133686.0	1010492.0
ES16_601_Control-protein_21	ES16_601_Control-protein_21.sorted.bam	43497982.0	95443889.0	12310375.0	72453327.0	16145.0	10126701.0	1.43	72453327.0	7343875.0	3282108.0	1045077.0
ES17_615_Control-protein_0	ES17_615_Control-protein_0.sorted.bam	41282959.0	91538247.0	12922704.0	68787107.0	10330.0	9553646.0	1.33	68787107.0	6778702.0	2993347.0	969004.0
ES18_615_Control-protein_14	ES18_615_Control-protein_14.sorted.bam	38920409.0	85578271.0	11003327.0	62808823.0	16795.0	10738718.0	1.33	62808823.0	8202662.0	3496499.0	1090568.0
ES19_615_Control-protein_21	ES19_615_Control-protein_21.sorted.bam	37440190.0	83522065.0	11956489.0	61007271.0	21171.0	11415679.0	1.41	61007271.0	7329145.0	3156453.0	982565.0
ES1_48_Control-lipid_0	ES1_48_Control-lipid_0.sorted.bam	44645989.0	98750760.0	13803654.0	73085199.0	19597.0	11794162.0	1.36	73085199.0	8169215.0	3636315.0	1199836.0
ES20_618_Control-lipid_0	ES20_618_Control-lipid_0.sorted.bam	42763200.0	93605958.0	11881098.0	71216594.0	16174.0	9464217.0	1.41	71216594.0	7064486.0	3383482.0	1052101.0
ES21_618_Control-lipid_14	ES21_618_Control-lipid_14.sorted.bam	29952807.0	65974304.0	8770830.0	49727201.0	10973.0	6536979.0	1.38	49727201.0	5047171.0	2384863.0	723082.0
ES22_618_Control-lipid_21	ES22_618_Control-lipid_21.sorted.bam	40495762.0	90503069.0	13278861.0	66573589.0	15531.0	10789378.0	1.4	66573589.0	7285800.0	3309061.0	1035107.0
ES23_Blue-010_Control-lipid_0	ES23_Blue-010_Control-lipid_0.sorted.bam	40781333.0	89671377.0	11776861.0	66890183.0	14029.0	9589638.0	1.43	66890183.0	7517447.0	3428224.0	1076576.0
ES24_Blue-010_Control-lipid_21	ES24_Blue-010_Control-lipid_21.sorted.bam	44140483.0	97184974.0	12913547.0	73049500.0	18951.0	10550459.0	1.44	73049500.0	7673298.0	3468750.0	1062316.0
ES25_619_MG-lipid_0	ES25_619_MG-lipid_0.sorted.bam	39701211.0	87305574.0	11489033.0	66630624.0	11080.0	8130605.0	1.41	66630624.0	6468093.0	2676828.0	917729.0
ES26_619_MG-lipid_14	ES26_619_MG-lipid_14.sorted.bam	39052188.0	86883202.0	12376118.0	64521551.0	15035.0	9563352.0	1.39	64521551.0	7049951.0	2894028.0	983554.0
ES27_619_MG-lipid_21	ES27_619_MG-lipid_21.sorted.bam	40067894.0	88608688.0	12190974.0	65515376.0	16932.0	9135434.0	1.43	65515376.0	7736972.0	3119201.0	1040024.0
ES28_Blue-098_Control-lipid_0	ES28_Blue-098_Control-lipid_0.sorted.bam	47460317.0	103654687.0	12824724.0	76717736.0	16929.0	13232513.0	1.41	76717736.0	9729440.0	4299627.0	1378904.0
ES29_Blue-098_Control-lipid_14	ES29_Blue-098_Control-lipid_14.sorted.bam	46289764.0	100744087.0	12227475.0	75294585.0	15100.0	11224233.0	1.45	75294585.0	9138599.0	4001291.0	1271409.0
ES2_48_Control-lipid_14	ES2_48_Control-lipid_14.sorted.bam	40187989.0	89903205.0	13649251.0	66762244.0	15103.0	9965288.0	1.33	66762244.0	6532040.0	2916034.0	985714.0
ES30_Blue-098_Control-lipid_21	ES30_Blue-098_Control-lipid_21.sorted.bam	30528674.0	67217467.0	8689664.0	49619524.0	9031.0	9425075.0	1.43	49619524.0	6260274.0	2593887.0	845168.0
ES31_Blue-055_NA_0	ES31_Blue-055_NA_0.sorted.bam	43072832.0	93247476.0	11071394.0	71301134.0	13778.0	6837359.0	1.36	71301134.0	7449579.0	3351882.0	1048419.0
ES32_Blue-055_NA_14	ES32_Blue-055_NA_14.sorted.bam	42227894.0	92944649.0	12621329.0	70142422.0	17011.0	10946245.0	1.36	70142422.0	6804444.0	3298285.0	1083993.0
ES33_101-LS_MG-lipid_0	ES33_101-LS_MG-lipid_0.sorted.bam	43516955.0	95553822.0	12463732.0	72068830.0	17315.0	8705803.0	1.34	72068830.0	7569892.0	3389229.0	1101918.0
ES34_101-LS_MG-lipid_14	ES34_101-LS_MG-lipid_14.sorted.bam	40737754.0	88479069.0	10563865.0	67071615.0	18081.0	8251324.0	1.42	67071615.0	7439083.0	3347645.0	1093559.0
ES35_101-LS_MG-lipid_21	ES35_101-LS_MG-lipid_21.sorted.bam	40505696.0	90193214.0	12922666.0	65987513.0	14806.0	9088581.0	1.41	65987513.0	7756998.0	3464369.0	1062197.0
ES36_AR17-21_MG-lipid_0	ES36_AR17-21_MG-lipid_0.sorted.bam	37450279.0	82390501.0	10839607.0	62692614.0	18917.0	9273881.0	1.39	62692614.0	5983135.0	2823887.0	900694.0
ES37_AR17-21_MG-lipid_14	ES37_AR17-21_MG-lipid_14.sorted.bam	41622747.0	91223789.0	11537241.0	69313141.0	23903.0	11224861.0	1.39	69313141.0	7052922.0	3261537.0	1003982.0
ES38_AR17-21_MG-lipid_21	ES38_AR17-21_MG-lipid_21.sorted.bam	38230585.0	84384965.0	11305819.0	62909771.0	21911.0	10595962.0	1.38	62909771.0	6889462.0	3216855.0	986458.0
ES39_LD19-239_MG-lipid_14	ES39_LD19-239_MG-lipid_14.sorted.bam	39921473.0	87306973.0	10904190.0	64997348.0	9699.0	10623642.0	1.45	64997348.0	7901872.0	3457120.0	1084527.0
ES3_48_Control-lipid_21	ES3_48_Control-lipid_21.sorted.bam	37353160.0	82463761.0	11141467.0	61989714.0	13909.0	9422920.0	1.42	61989714.0	6457378.0	2834404.0	947479.0
ES40_LD19-239_MG-lipid_21	ES40_LD19-239_MG-lipid_21.sorted.bam	46729240.0	102364016.0	13157512.0	76320157.0	11153.0	11690867.0	1.41	76320157.0	8939151.0	3892364.0	1289808.0
ES41_Blue-013_Control-protein_0	ES41_Blue-013_Control-protein_0.sorted.bam	43336203.0	97312790.0	14736510.0	70896134.0	12711.0	11429057.0	1.32	70896134.0	8262505.0	3348037.0	1156854.0
ES42_Blue-013_Control-protein_14	ES42_Blue-013_Control-protein_14.sorted.bam	38767209.0	85799075.0	12046878.0	61427211.0	12594.0	9339098.0	1.38	61427211.0	9074764.0	3207420.0	1146268.0
ES43_Blue-013_Control-protein_21	ES43_Blue-013_Control-protein_21.sorted.bam	41691794.0	91529491.0	11741370.0	68212565.0	12852.0	9727680.0	1.41	68212565.0	8484121.0	3052608.0	1093726.0
ES44_Blue-015_MG-lipid_0	ES44_Blue-015_MG-lipid_0.sorted.bam	44133628.0	96422043.0	12114338.0	71674906.0	17814.0	10139346.0	1.35	71674906.0	8660023.0	3905742.0	1198811.0
ES45_Blue-015_MG-lipid_14	ES45_Blue-015_MG-lipid_14.sorted.bam	49494023.0	107750481.0	13552058.0	81167777.0	17419.0	8542582.0	1.4	81167777.0	8956414.0	4011229.0	1250682.0
ES46_Blue-015_MG-lipid_21	ES46_Blue-015_MG-lipid_21.sorted.bam	40870966.0	89408340.0	11272152.0	64739300.0	14656.0	10020277.0	1.39	64739300.0	9391228.0	3949239.0	1204858.0
ES47_Blue-45_MG-protein_0	ES47_Blue-45_MG-protein_0.sorted.bam	38717240.0	83781425.0	9585191.0	62140999.0	22420.0	8439605.0	1.4	62140999.0	8334794.0	3652628.0	1137649.0
ES48_Blue-45_MG-protein_14	ES48_Blue-45_MG-protein_14.sorted.bam	40376600.0	87348356.0	10072782.0	66357737.0	25699.0	9750156.0	1.36	66357737.0	7368907.0	3486647.0	1115571.0
ES49_Blue-024_Control-protein_0	ES49_Blue-024_Control-protein_0.sorted.bam	38892659.0	87338463.0	13238630.0	64580358.0	14987.0	10407956.0	1.37	64580358.0	6674838.0	2783592.0	920784.0
ES4_164_Control-protein_0	ES4_164_Control-protein_0.sorted.bam	39313000.0	88365081.0	13635172.0	65407689.0	10416.0	10662565.0	1.38	65407689.0	6526269.0	2755185.0	976191.0
ES50_Blue-024_Control-protein_14	ES50_Blue-024_Control-protein_14.sorted.bam	34290279.0	76478129.0	10883543.0	56658265.0	15443.0	10111656.0	1.41	56658265.0	6335840.0	2549812.0	889453.0
ES51_Blue-024_Control-protein_21	ES51_Blue-024_Control-protein_21.sorted.bam	33534994.0	75000053.0	10879164.0	55454082.0	18556.0	9354873.0	1.4	55454082.0	6109254.0	2506413.0	867036.0
ES52_SEM19-1481_MG-lipid_14	ES52_SEM19-1481_MG-lipid_14.sorted.bam	39714484.0	88046429.0	12291248.0	65093676.0	16125.0	10486221.0	1.44	65093676.0	7611453.0	2992770.0	1031795.0
ES53_SEM19-74_MG-protein_0	ES53_SEM19-74_MG-protein_0.sorted.bam	37063544.0	80727336.0	9774137.0	61710460.0	11066.0	8018323.0	1.36	61710460.0	6363355.0	2833195.0	914222.0
ES54_SEM19-74_MG-protein_14	ES54_SEM19-74_MG-protein_14.sorted.bam	38274649.0	84255638.0	11073249.0	63494251.0	9874.0	8598363.0	1.39	63494251.0	6805985.0	2839374.0	926713.0
ES55_SEM19-74_MG-protein_21	ES55_SEM19-74_MG-protein_21.sorted.bam	33372415.0	76442970.0	13343921.0	54148352.0	9390.0	9142303.0	1.37	54148352.0	6212363.0	2699839.0	833000.0
ES56_Blue-050_Control-lipid_21	ES56_Blue-050_Control-lipid_21.sorted.bam	41967163.0	92082877.0	11990402.0	69911185.0	9141.0	13057258.0	1.32	69911185.0	7003715.0	3132404.0	1177128.0
ES57_Blue-031_MG-lipid_0	ES57_Blue-031_MG-lipid_0.sorted.bam	47745013.0	104290824.0	13063106.0	79427954.0	15682.0	9655858.0	1.35	79427954.0	8172989.0	3559475.0	1188148.0
ES58_Blue-032_MG-protein_0	ES58_Blue-032_MG-protein_0.sorted.bam	43262804.0	98738327.0	16668751.0	70518971.0	19245.0	13226663.0	1.38	70518971.0	7849445.0	3625772.0	1134290.0
ES59_Blue-032_MG-protein_14	ES59_Blue-032_MG-protein_14.sorted.bam	41638575.0	92039574.0	12305911.0	68595238.0	15570.0	10978139.0	1.41	68595238.0	7610629.0	3462524.0	1088744.0
ES5_164_Control-protein_14	ES5_164_Control-protein_14.sorted.bam	37033506.0	81444006.0	10878227.0	60817121.0	12295.0	9900575.0	1.36	60817121.0	6821780.0	2881506.0	990716.0
ES60_Blue-032_MG-protein_21	ES60_Blue-032_MG-protein_21.sorted.bam	37110599.0	82009512.0	10844728.0	60943808.0	15431.0	10541449.0	1.39	60943808.0	7085275.0	3073395.0	978153.0
ES61_Blue-035_MG-protein_0	ES61_Blue-035_MG-protein_0.sorted.bam	34738109.0	75558463.0	9068824.0	56280074.0	11042.0	8134749.0	1.43	56280074.0	7212310.0	2951563.0	970748.0
ES62_Blue-035_MG-protein_14	ES62_Blue-035_MG-protein_14.sorted.bam	38948952.0	85520472.0	10954683.0	63642761.0	13940.0	10941079.0	1.33	63642761.0	7704554.0	3173334.0	1070647.0
ES63_Blue-035_MG-protein_21	ES63_Blue-035_MG-protein_21.sorted.bam	35919117.0	78249643.0	9458787.0	58247962.0	13217.0	9954626.0	1.3	58247962.0	7358178.0	3138369.0	1062788.0
ES64_SEM19-1481_MG-lipid_21	ES64_SEM19-1481_MG-lipid_21.sorted.bam	41236372.0	91876984.0	13599287.0	67721766.0	18157.0	10025039.0	1.4	67721766.0	7426130.0	3073953.0	1068993.0
ES65_106_NA_0	ES65_106_NA_0.sorted.bam	39670056.0	87781786.0	11980530.0	65852441.0	13599.0	11433574.0	1.38	65852441.0	6809248.0	3083241.0	1010216.0
ES66_617_Control-protein_14	ES66_617_Control-protein_14.sorted.bam	37809628.0	84633736.0	12629165.0	62629546.0	12118.0	10067700.0	1.36	62629546.0	6540825.0	2786642.0	950819.0
ES67_Blue-037_MG-protein_0	ES67_Blue-037_MG-protein_0.sorted.bam	36438499.0	81697340.0	12189633.0	58355163.0	13161.0	12364102.0	1.43	58355163.0	7873771.0	3225959.0	1062270.0
ES68_Blue-037_MG-protein_14	ES68_Blue-037_MG-protein_14.sorted.bam	33250088.0	73619093.0	10029594.0	53867477.0	13198.0	10318794.0	1.39	53867477.0	6888907.0	2792630.0	943918.0
ES69_Blue-037_MG-protein_21	ES69_Blue-037_MG-protein_21.sorted.bam	35318035.0	78707627.0	11349667.0	56621453.0	11793.0	11646041.0	1.37	56621453.0	7504342.0	3182492.0	1086438.0
ES6_164_Control-protein_21	ES6_164_Control-protein_21.sorted.bam	36037342.0	78865426.0	9895973.0	58467714.0	13319.0	10292553.0	1.4	58467714.0	7443875.0	3009549.0	1028837.0
ES70_Blue-039_Control-lipid_0	ES70_Blue-039_Control-lipid_0.sorted.bam	48220455.0	106944259.0	15016258.0	79048806.0	17136.0	12780032.0	1.39	79048806.0	8800420.0	4001191.0	1295443.0
ES71_Blue-039_Control-lipid_14	ES71_Blue-039_Control-lipid_14.sorted.bam	34153130.0	75720697.0	10478030.0	56067195.0	10272.0	9184508.0	1.43	56067195.0	6426487.0	2695620.0	886215.0
ES72_Blue-039_Control-lipid_21	ES72_Blue-039_Control-lipid_21.sorted.bam	37257927.0	83761783.0	12754433.0	61426460.0	12414.0	11559638.0	1.43	61426460.0	6642720.0	2885507.0	955824.0
ES73_Blue-042_MG-protein_0	ES73_Blue-042_MG-protein_0.sorted.bam	47232084.0	104503490.0	14396482.0	77682705.0	28076.0	12489126.0	1.36	77682705.0	8641957.0	3705251.0	1254010.0
ES74_Blue-042_MG-protein_14	ES74_Blue-042_MG-protein_14.sorted.bam	44121547.0	98087064.0	13801572.0	71271040.0	22597.0	12292451.0	1.33	71271040.0	9094867.0	3851328.0	1247957.0
ES75_Blue-042_MG-protein_21	ES75_Blue-042_MG-protein_21.sorted.bam	43017130.0	95426962.0	13260369.0	71753248.0	22589.0	10629472.0	1.32	71753248.0	7116509.0	3235408.0	1064083.0
ES76_Blue-043_MG-lipid_0	ES76_Blue-043_MG-lipid_0.sorted.bam	36367044.0	80898008.0	11399438.0	58563252.0	16301.0	9870013.0	1.33	58563252.0	7780487.0	3108041.0	1066158.0
ES77_Blue-043_MG-lipid_14	ES77_Blue-043_MG-lipid_14.sorted.bam	41122585.0	90220544.0	11663841.0	65605779.0	20872.0	10510702.0	1.35	65605779.0	9195103.0	3703526.0	1249460.0
ES78_Blue-043_MG-lipid_21	ES78_Blue-043_MG-lipid_21.sorted.bam	44751183.0	98245471.0	12708066.0	71189094.0	19956.0	11469021.0	1.34	71189094.0	10125938.0	4158309.0	1370333.0
ES79_Blue-050_Control-lipid_0	ES79_Blue-050_Control-lipid_0.sorted.bam	33740260.0	74975782.0	10568110.0	55065948.0	6968.0	11141398.0	1.38	55065948.0	6529011.0	2773315.0	1014990.0
ES7_SEM19-1354_Control-protein_14	ES7_SEM19-1354_Control-protein_14.sorted.bam	39134255.0	86195833.0	11631096.0	63529102.0	11282.0	8236019.0	1.42	63529102.0	7825899.0	3159899.0	1050676.0
ES80_Blue-050_Control-lipid_14	ES80_Blue-050_Control-lipid_14.sorted.bam	36745626.0	81426320.0	11311547.0	60698532.0	5825.0	10841915.0	1.35	60698532.0	6628194.0	2752610.0	1032111.0
ES81_Blue-047_Control-lipid_0	ES81_Blue-047_Control-lipid_0.sorted.bam	40114947.0	88497925.0	11774256.0	66026393.0	18480.0	10191475.0	1.34	66026393.0	7385533.0	3251165.0	1097142.0
ES82_Blue-047_Control-lipid_14	ES82_Blue-047_Control-lipid_14.sorted.bam	26135571.0	56744563.0	6709980.0	43822882.0	14244.0	7537581.0	1.46	43822882.0	4292902.0	1883678.0	743067.0
ES83_SEM19-1481_MG-lipid_0	ES83_SEM19-1481_MG-lipid_0.sorted.bam	41815183.0	92383311.0	12508101.0	69239835.0	18091.0	10139288.0	1.36	69239835.0	7562798.0	3009618.0	1077094.0
ES84_LD19-239_MG-lipid_0	ES84_LD19-239_MG-lipid_0.sorted.bam	40764181.0	91004509.0	13280867.0	66884056.0	9298.0	11166453.0	1.35	66884056.0	7435555.0	3359118.0	1107817.0
ES85_orange-24_Control-protein_0	ES85_orange-24_Control-protein_0.sorted.bam	39642652.0	86612022.0	10936491.0	65046636.0	11450.0	10510005.0	1.33	65046636.0	7296998.0	3265371.0	1068814.0
ES86_orange-24_Control-protein_14	ES86_orange-24_Control-protein_14.sorted.bam	31087639.0	68847412.0	9710502.0	50904103.0	9021.0	8734693.0	1.38	50904103.0	5665531.0	2516118.0	819275.0
ES87_orange-24_Control-protein_21	ES87_orange-24_Control-protein_21.sorted.bam	38405708.0	84002560.0	10769913.0	63173198.0	10650.0	10561221.0	1.34	63173198.0	6882602.0	3114861.0	1000356.0
ES88_610_MG-protein_0	ES88_610_MG-protein_0.sorted.bam	43938808.0	95403995.0	11357394.0	72929910.0	27159.0	9748984.0	1.34	72929910.0	7485312.0	3544981.0	1090245.0
ES8_SEM19-1354_Control-protein_21	ES8_SEM19-1354_Control-protein_21.sorted.bam	41058910.0	90223871.0	11962327.0	65926193.0	14744.0	9445856.0	1.35	65926193.0	8691545.0	3585509.0	1171020.0
ES90_Blue-049_Control-protein_14	ES90_Blue-049_Control-protein_14.sorted.bam	38569541.0	86653983.0	13270567.0	63462580.0	16229.0	11745430.0	1.33	63462580.0	6849610.0	3019144.0	1015025.0
ES91_Blue-049_Control-protein_21	ES91_Blue-049_Control-protein_21.sorted.bam	37093542.0	83550167.0	12874981.0	61297190.0	12017.0	10553183.0	1.36	61297190.0	6543106.0	2787561.0	946632.0
ES92_SEM19-76_MG-lipid_0	ES92_SEM19-76_MG-lipid_0.sorted.bam	43971210.0	98469208.0	14927555.0	73768741.0	9220.0	10762730.0	1.32	73768741.0	6622270.0	3105162.0	986192.0
ES93_SEM19-76_MG-lipid_14	ES93_SEM19-76_MG-lipid_14.sorted.bam	41925465.0	92989333.0	12978587.0	69475190.0	14055.0	11698084.0	1.35	69475190.0	7183337.0	3302530.0	1047933.0
ES94_SEM19-76_MG-lipid_21	ES94_SEM19-76_MG-lipid_21.sorted.bam	43515067.0	98365432.0	15737400.0	71223910.0	8991.0	11441986.0	1.4	71223910.0	8067462.0	3294018.0	1062412.0
ES95_610_MG-protein_14	ES95_610_MG-protein_14.sorted.bam	43647786.0	95797362.0	12419155.0	70739768.0	29786.0	12238124.0	1.36	70739768.0	8674121.0	3877948.0	1223411.0
ES96_610_MG-protein_21	ES96_610_MG-protein_21.sorted.bam	43043600.0	93839842.0	11324389.0	69757411.0	21380.0	10165523.0	1.4	69757411.0	8980636.0	3689834.0	1120424.0
ES97_SEM19-107_MG-protein_0	ES97_SEM19-107_MG-protein_0.sorted.bam	42202702.0	97011536.0	17193005.0	68201003.0	11328.0	10572337.0	1.36	68201003.0	8170954.0	3394827.0	1086926.0
ES98_SEM19-107_MG-protein_14	ES98_SEM19-107_MG-protein_14.sorted.bam	49802366.0	110054676.0	15172866.0	79036783.0	19507.0	12841739.0	1.31	79036783.0	11515788.0	4266556.0	1508642.0
ES99_SEM19-107_MG-protein_21	ES99_SEM19-107_MG-protein_21.sorted.bam	40718623.0	95434966.0	18624153.0	65067050.0	12043.0	11693874.0	1.33	65067050.0	8458233.0	3231403.0	1129734.0
ES9_172_Control-protein_0	ES9_172_Control-protein_0.sorted.bam	40799098.0	91574167.0	14660766.0	66220537.0	13165.0	8825170.0	1.41	66220537.0	7467858.0	3170827.0	981604.0
