Sample	20	21	22	23	24	25	26	27	28	29	30	31	32	33	34	35	36	37	38	39	40	41	42	43	44	45	46	47	48	49	50
ES100_SEM19-140_Control-lipid_0_1	327.0	416.0	631.0	737.0	990.0	1169.0	1426.0	1331.0	1422.0	1654.0	2160.0	2358.0	2305.0	2649.0	2838.0	2838.0	3571.0	4279.0	4916.0	6417.0	7542.0	8643.0	10316.0	15131.0	18115.0	50708.0	144440.0	746407.0	3112657.0	9484907.0	31492558.0
ES100_SEM19-140_Control-lipid_0_2	14857.0	13924.0	13841.0	13930.0	12032.0	11185.0	10351.0	10493.0	9144.0	9230.0	8160.0	8363.0	8464.0	8150.0	7546.0	8789.0	8188.0	9352.0	8431.0	9211.0	10865.0	12052.0	16668.0	18996.0	29540.0	87238.0	229402.0	1189289.0	3595775.0	10408300.0	29334092.0
ES101_SEM19-140_Control-lipid_14_1	286.0	425.0	641.0	744.0	1062.0	1119.0	1347.0	1236.0	1491.0	1817.0	2072.0	2259.0	2334.0	2585.0	2761.0	2973.0	3655.0	4453.0	5059.0	6347.0	7483.0	8322.0	10185.0	14473.0	18161.0	48929.0	140457.0	700494.0	2890677.0	9365959.0	29555766.0
ES101_SEM19-140_Control-lipid_14_2	9776.0	9520.0	9943.0	10043.0	8498.0	8384.0	7821.0	7773.0	6678.0	6642.0	5960.0	6109.0	6279.0	6306.0	5772.0	6705.0	6195.0	7203.0	6740.0	7651.0	8927.0	10176.0	12960.0	15675.0	25365.0	76885.0	214008.0	1164018.0	3436915.0	10124947.0	27565698.0
ES102_SEM19-140_Control-lipid_21_1	360.0	502.0	720.0	845.0	1076.0	1336.0	1483.0	1463.0	1519.0	1824.0	2140.0	2310.0	2531.0	2665.0	2857.0	3077.0	3840.0	4481.0	5175.0	6481.0	7676.0	8793.0	10247.0	15177.0	18929.0	52991.0	154991.0	784179.0	3269465.0	10182733.0	33222156.0
ES102_SEM19-140_Control-lipid_21_2	23620.0	22874.0	23760.0	25017.0	21178.0	20759.0	19140.0	19067.0	16118.0	16474.0	14270.0	14809.0	14468.0	14179.0	12635.0	15090.0	13086.0	14607.0	12911.0	13911.0	15769.0	17297.0	23561.0	27208.0	39366.0	99305.0	260729.0	1298611.0	3793288.0	11023895.0	30827020.0
ES103_625_Control-lipid_0_1	373.0	522.0	714.0	1016.0	1170.0	1455.0	1725.0	1652.0	1764.0	2120.0	2479.0	2608.0	2860.0	3160.0	3209.0	3649.0	4223.0	5254.0	5903.0	7600.0	8982.0	10289.0	11538.0	17117.0	20979.0	58046.0	164741.0	815156.0	3448683.0	10911849.0	35281782.0
ES103_625_Control-lipid_0_2	9706.0	9328.0	9803.0	10279.0	8714.0	8600.0	7737.0	7634.0	7050.0	7364.0	6722.0	6949.0	7161.0	7265.0	6837.0	7872.0	7212.0	8394.0	7710.0	8802.0	10222.0	11462.0	13911.0	17508.0	27749.0	94968.0	248457.0	1334997.0	3995641.0	11558548.0	33328016.0
ES104_625_Control-lipid_14_1	305.0	439.0	562.0	683.0	893.0	1024.0	1284.0	1240.0	1302.0	1548.0	1675.0	1912.0	1843.0	1942.0	2184.0	2280.0	2642.0	3161.0	3631.0	4559.0	5316.0	6053.0	7077.0	11083.0	13847.0	42523.0	127834.0	645767.0	2778061.0	8727166.0	28134167.0
ES104_625_Control-lipid_14_2	27178.0	26539.0	27023.0	28602.0	23385.0	22533.0	20817.0	20508.0	17068.0	16745.0	14833.0	14798.0	14492.0	13799.0	12107.0	14608.0	12387.0	14533.0	12569.0	13546.0	15416.0	17450.0	24981.0	26165.0	37712.0	95019.0	238272.0	1086114.0	3196783.0	9294964.0	26133057.0
ES105_625_Control-lipid_21_1	331.0	473.0	641.0	686.0	972.0	1128.0	1446.0	1329.0	1453.0	1711.0	1952.0	1951.0	1947.0	2100.0	2237.0	2325.0	2502.0	2937.0	3224.0	4239.0	4739.0	5373.0	6497.0	11314.0	13880.0	51449.0	163379.0	847353.0	3690465.0	11246237.0	37147659.0
ES105_625_Control-lipid_21_2	9566.0	9287.0	9490.0	10000.0	8757.0	8720.0	7887.0	8079.0	7348.0	7493.0	7114.0	7352.0	7288.0	7568.0	7167.0	8303.0	7760.0	8800.0	8232.0	9414.0	10688.0	11578.0	14976.0	18333.0	28570.0	98417.0	263783.0	1408082.0	4247132.0	12016782.0	34939963.0
ES10_172_Control-protein_14_1	297.0	419.0	579.0	660.0	928.0	1088.0	1313.0	1255.0	1362.0	1702.0	1880.0	2194.0	2267.0	2506.0	2799.0	3135.0	3902.0	4732.0	5532.0	6887.0	8158.0	9133.0	10350.0	14470.0	17855.0	47663.0	135982.0	687303.0	2946513.0	9125581.0	29472573.0
ES10_172_Control-protein_14_2	20461.0	18970.0	19298.0	19580.0	16055.0	15350.0	13787.0	13951.0	12005.0	11894.0	10145.0	10280.0	10365.0	9679.0	8997.0	10540.0	9856.0	11628.0	9801.0	10902.0	12110.0	14075.0	23922.0	21630.0	32899.0	91154.0	237266.0	1087524.0	3411876.0	9815915.0	27509103.0
ES11_172_Control-protein_21_1	332.0	516.0	662.0	820.0	989.0	1252.0	1569.0	1461.0	1569.0	1958.0	2345.0	2497.0	2659.0	3004.0	3225.0	3526.0	4273.0	5232.0	6073.0	7434.0	9014.0	10107.0	11490.0	15931.0	20234.0	53056.0	153701.0	772990.0	3326895.0	10295487.0	33033845.0
ES11_172_Control-protein_21_2	32388.0	32537.0	32990.0	34679.0	27805.0	27617.0	24981.0	25367.0	21083.0	20389.0	17808.0	18072.0	17209.0	16744.0	14352.0	16889.0	15175.0	17597.0	14052.0	15694.0	17654.0	19877.0	33253.0	30294.0	43428.0	110723.0	287916.0	1252664.0	3836880.0	11052853.0	30625176.0
ES12_209_MG-lipid_0_1	280.0	365.0	517.0	627.0	811.0	896.0	1123.0	1107.0	1176.0	1428.0	1578.0	1811.0	1941.0	2115.0	2269.0	2603.0	3204.0	3757.0	4397.0	5539.0	6750.0	7578.0	8794.0	12828.0	15760.0	46705.0	138513.0	747531.0	3276321.0	10161469.0	33552660.0
ES12_209_MG-lipid_0_2	19452.0	18645.0	18605.0	18818.0	15156.0	14541.0	13330.0	13528.0	11258.0	11110.0	9729.0	9929.0	10249.0	9801.0	8859.0	10494.0	10108.0	12473.0	10096.0	11667.0	13448.0	15217.0	27228.0	24061.0	35726.0	101182.0	272820.0	1255312.0	3933034.0	11168011.0	30908566.0
ES13_209_MG-lipid_14_1	304.0	385.0	540.0	616.0	914.0	1039.0	1321.0	1237.0	1344.0	1632.0	1932.0	2062.0	2080.0	2217.0	2496.0	2764.0	3351.0	3918.0	4527.0	5703.0	6697.0	7615.0	8920.0	13602.0	16296.0	52329.0	152244.0	751572.0	3261567.0	10068607.0	33071803.0
ES13_209_MG-lipid_14_2	22275.0	22112.0	21914.0	22723.0	18492.0	18339.0	17179.0	17056.0	14416.0	14297.0	12461.0	12746.0	13023.0	12578.0	11180.0	13266.0	12324.0	14509.0	12514.0	13596.0	15200.0	17436.0	27101.0	27126.0	40111.0	104197.0	277403.0	1239615.0	3830134.0	10873763.0	30682548.0
ES14_209_MG-lipid_21_1	233.0	369.0	484.0	574.0	737.0	829.0	1080.0	1019.0	1087.0	1225.0	1549.0	1725.0	1769.0	2029.0	2129.0	2349.0	2974.0	3624.0	3958.0	5137.0	6008.0	6916.0	8060.0	11548.0	14190.0	41290.0	120473.0	623236.0	2720312.0	8425427.0	27790664.0
ES14_209_MG-lipid_21_2	17372.0	16658.0	16512.0	16698.0	13774.0	13267.0	12202.0	12289.0	10333.0	10375.0	9133.0	9266.0	9400.0	9210.0	8303.0	9809.0	9324.0	11385.0	9499.0	10502.0	12421.0	14458.0	23685.0	22159.0	32975.0	85831.0	230334.0	1049406.0	3253628.0	9271919.0	25570877.0
ES15_601_Control-protein_14_1	303.0	442.0	568.0	699.0	901.0	1108.0	1262.0	1178.0	1315.0	1501.0	1845.0	1930.0	2041.0	2328.0	2552.0	2835.0	3390.0	4097.0	4695.0	6004.0	7062.0	8073.0	9489.0	13359.0	16521.0	46931.0	138925.0	708395.0	3066625.0	9285419.0	31027277.0
ES15_601_Control-protein_14_2	24200.0	24405.0	24580.0	27191.0	22012.0	21956.0	20117.0	20535.0	17344.0	17102.0	15155.0	15273.0	14850.0	14784.0	12737.0	15338.0	13126.0	15005.0	12354.0	13149.0	14762.0	16234.0	26209.0	25019.0	37839.0	97185.0	251728.0	1147717.0	3538848.0	10032935.0	28819381.0
ES16_601_Control-protein_21_1	256.0	380.0	559.0	653.0	875.0	987.0	1187.0	1161.0	1279.0	1547.0	1797.0	1810.0	1956.0	2199.0	2403.0	2628.0	3115.0	3783.0	4233.0	5556.0	6480.0	7342.0	8685.0	12221.0	15843.0	48264.0	148902.0	777717.0	3431630.0	10174312.0	33927396.0
ES16_601_Control-protein_21_2	19513.0	18563.0	18687.0	19069.0	15440.0	15311.0	13811.0	14160.0	12152.0	12075.0	10754.0	10863.0	10802.0	10313.0	9340.0	11123.0	10310.0	12176.0	10135.0	11682.0	12596.0	14511.0	23822.0	22468.0	35604.0	104585.0	256464.0	1222821.0	3888263.0	10985463.0	31764280.0
ES17_615_Control-protein_0_1	315.0	385.0	537.0	629.0	839.0	971.0	1167.0	1040.0	1264.0	1435.0	1763.0	1957.0	2033.0	2141.0	2443.0	2636.0	3117.0	3925.0	4472.0	5471.0	6865.0	7591.0	8598.0	12449.0	15631.0	46286.0	132510.0	707874.0	3088129.0	9750123.0	32277663.0
ES17_615_Control-protein_0_2	18352.0	17976.0	17364.0	17901.0	14395.0	13911.0	13070.0	12654.0	10599.0	10646.0	9248.0	9205.0	9382.0	9463.0	8686.0	10220.0	9998.0	12453.0	10184.0	11517.0	13144.0	15446.0	29288.0	23826.0	34767.0	100967.0	264261.0	1148980.0	3787795.0	10640534.0	29786027.0
ES18_615_Control-protein_14_1	332.0	405.0	589.0	658.0	878.0	971.0	1206.0	1191.0	1216.0	1538.0	1728.0	1978.0	2056.0	2306.0	2417.0	2732.0	3283.0	3803.0	4320.0	5667.0	6562.0	7481.0	8730.0	12000.0	15808.0	48686.0	145038.0	704434.0	3036685.0	9545090.0	30776034.0
ES18_615_Control-protein_14_2	29266.0	29367.0	29601.0	31328.0	25449.0	25101.0	23084.0	23421.0	19687.0	18979.0	16669.0	17008.0	16571.0	16119.0	13909.0	16669.0	14594.0	17211.0	14738.0	15531.0	17340.0	19445.0	29679.0	29219.0	41613.0	103894.0	267617.0	1116583.0	3552737.0	10095635.0	28657758.0
ES19_615_Control-protein_21_1	320.0	456.0	633.0	790.0	1030.0	1191.0	1321.0	1383.0	1521.0	1772.0	2034.0	2310.0	2392.0	2791.0	2919.0	3301.0	4091.0	5068.0	5508.0	6921.0	8000.0	9315.0	10384.0	13393.0	17851.0	48092.0	141725.0	693177.0	3028194.0	9075301.0	30108624.0
ES19_615_Control-protein_21_2	30158.0	28223.0	28188.0	29015.0	24043.0	22999.0	21377.0	21290.0	18128.0	17891.0	15701.0	15892.0	15585.0	14624.0	13032.0	15974.0	14330.0	16440.0	14256.0	15288.0	16914.0	19445.0	30681.0	29437.0	43244.0	103409.0	261644.0	1104108.0	3469844.0	9889887.0	27840761.0
ES1_48_Control-lipid_0_1	367.0	499.0	684.0	864.0	1073.0	1305.0	1553.0	1455.0	1618.0	1889.0	2195.0	2292.0	2287.0	2539.0	2686.0	3022.0	3642.0	4351.0	4881.0	6356.0	7337.0	8274.0	9726.0	14244.0	17977.0	53788.0	157711.0	800057.0	3524305.0	10699658.0	35241648.0
ES1_48_Control-lipid_0_2	20446.0	20451.0	20170.0	20935.0	17214.0	16834.0	15580.0	15462.0	13144.0	13289.0	11614.0	11838.0	12131.0	11828.0	10643.0	12570.0	11764.0	13913.0	11981.0	13492.0	15125.0	17306.0	27988.0	25975.0	39851.0	104800.0	278163.0	1243407.0	4037869.0	11443882.0	33050618.0
ES20_618_Control-lipid_0_1	282.0	344.0	518.0	615.0	847.0	935.0	1204.0	1060.0	1166.0	1435.0	1635.0	1830.0	1907.0	2128.0	2163.0	2373.0	2970.0	3513.0	3816.0	5041.0	5995.0	6545.0	7861.0	11579.0	14638.0	44267.0	138464.0	751844.0	3302458.0	9847389.0	33361477.0
ES20_618_Control-lipid_0_2	18196.0	16959.0	16355.0	16818.0	13690.0	12870.0	12002.0	11788.0	10269.0	10295.0	9127.0	9362.0	9442.0	9077.0	8305.0	9821.0	9457.0	10950.0	9557.0	10694.0	12388.0	14226.0	25028.0	21972.0	34007.0	98617.0	252907.0	1240764.0	3834061.0	10837737.0	30921558.0
ES21_618_Control-lipid_14_1	250.0	312.0	471.0	577.0	765.0	891.0	1050.0	982.0	989.0	1183.0	1432.0	1651.0	1899.0	2642.0	2374.0	2803.0	3313.0	4270.0	4266.0	5835.0	6590.0	7483.0	8416.0	11168.0	14244.0	35976.0	103435.0	528942.0	2285774.0	6847685.0	23349401.0
ES21_618_Control-lipid_14_2	8441.0	8299.0	8530.0	9376.0	7658.0	7286.0	6651.0	6731.0	5601.0	5920.0	5244.0	5327.0	5460.0	5416.0	4959.0	5813.0	5283.0	6314.0	5378.0	7227.0	7216.0	10428.0	14465.0	15285.0	21878.0	65600.0	173560.0	902366.0	2632952.0	7503334.0	21759071.0
ES22_618_Control-lipid_21_1	274.0	436.0	635.0	743.0	1016.0	1156.0	1400.0	1293.0	1497.0	1765.0	2190.0	2436.0	2739.0	2952.0	3258.0	3471.0	4399.0	5420.0	6227.0	7674.0	9212.0	10389.0	11647.0	16068.0	19599.0	51588.0	148409.0	734002.0	3154885.0	9682197.0	32042136.0
ES22_618_Control-lipid_21_2	22132.0	21338.0	21145.0	21625.0	17523.0	16790.0	15525.0	15323.0	12744.0	12637.0	11160.0	11216.0	11411.0	11087.0	10118.0	12040.0	11046.0	13504.0	11190.0	12688.0	14816.0	17036.0	29234.0	26286.0	39400.0	102593.0	266784.0	1223802.0	3729831.0	10605134.0	29583955.0
ES23_Blue-010_Control-lipid_0_1	292.0	401.0	514.0	642.0	877.0	1063.0	1199.0	1123.0	1157.0	1509.0	1629.0	1736.0	1900.0	2111.0	2168.0	2504.0	2887.0	3622.0	4122.0	5013.0	5817.0	6699.0	7645.0	11556.0	14596.0	45953.0	139956.0	723393.0	3161096.0	9779063.0	31680589.0
ES23_Blue-010_Control-lipid_0_2	19445.0	19058.0	19064.0	20001.0	16458.0	16092.0	14882.0	15064.0	12601.0	12176.0	11014.0	11193.0	10985.0	10877.0	9497.0	11395.0	10531.0	12179.0	10399.0	11517.0	13156.0	14935.0	23502.0	22814.0	34522.0	94301.0	257658.0	1156750.0	3699076.0	10459622.0	29562068.0
ES24_Blue-010_Control-lipid_21_1	352.0	456.0	621.0	749.0	994.0	1159.0	1450.0	1368.0	1464.0	1647.0	2032.0	2204.0	2375.0	2521.0	2609.0	2853.0	3472.0	4168.0	4623.0	5832.0	6705.0	7480.0	8855.0	13235.0	16449.0	49905.0	152084.0	784117.0	3480248.0	10285365.0	34604826.0
ES24_Blue-010_Control-lipid_21_2	20060.0	19021.0	19018.0	19900.0	16060.0	15454.0	14496.0	14400.0	12245.0	12287.0	10927.0	11097.0	11175.0	11058.0	10015.0	12092.0	11392.0	13411.0	11503.0	12620.0	14376.0	16408.0	27383.0	25262.0	36926.0	100455.0	269242.0	1291243.0	3921033.0	11094002.0	32377657.0
ES25_619_MG-lipid_0_1	230.0	342.0	459.0	534.0	693.0	826.0	1000.0	993.0	1031.0	1250.0	1451.0	1723.0	1795.0	1979.0	2128.0	2414.0	3047.0	3637.0	4158.0	5224.0	6315.0	7006.0	8028.0	11426.0	14504.0	42112.0	123939.0	686010.0	3012687.0	9284275.0	30569454.0
ES25_619_MG-lipid_0_2	18662.0	18118.0	18111.0	18352.0	14853.0	14013.0	13167.0	13137.0	11011.0	10985.0	9087.0	9263.0	9400.0	9113.0	8052.0	9620.0	9104.0	10933.0	9021.0	10066.0	11440.0	13242.0	24924.0	21237.0	31252.0	96325.0	245225.0	1083218.0	3598380.0	10084078.0	28347281.0
ES26_619_MG-lipid_14_1	263.0	400.0	535.0	643.0	854.0	1016.0	1230.0	1170.0	1245.0	1529.0	1803.0	2012.0	2123.0	2339.0	2577.0	2914.0	3592.0	4419.0	4997.0	6273.0	7461.0	8318.0	9539.0	13696.0	16829.0	47144.0	136439.0	695712.0	3015322.0	9400391.0	30484870.0
ES26_619_MG-lipid_14_2	23971.0	23156.0	22783.0	23551.0	19027.0	18196.0	16856.0	16831.0	14036.0	13919.0	11875.0	12022.0	12091.0	11532.0	10191.0	12378.0	11305.0	13509.0	11478.0	12498.0	14508.0	16517.0	27605.0	25485.0	37037.0	97712.0	261867.0	1143261.0	3580953.0	10222170.0	28139335.0
ES27_619_MG-lipid_21_1	295.0	401.0	580.0	636.0	867.0	952.0	1281.0	1098.0	1243.0	1468.0	1581.0	1851.0	1868.0	1996.0	2112.0	2363.0	2759.0	3460.0	3776.0	5018.0	5941.0	6864.0	8099.0	11907.0	14774.0	46140.0	138494.0	708482.0	3074091.0	9709935.0	30906693.0
ES27_619_MG-lipid_21_2	17324.0	17349.0	17587.0	17968.0	14610.0	14255.0	13401.0	13372.0	11309.0	10899.0	9623.0	9897.0	9683.0	9344.0	8369.0	9857.0	9188.0	10692.0	8983.0	9946.0	11468.0	12696.0	20031.0	19824.0	30322.0	94489.0	239105.0	1118461.0	3595213.0	10250262.0	29031498.0
ES28_Blue-098_Control-lipid_0_1	411.0	573.0	760.0	874.0	1082.0	1342.0	1528.0	1502.0	1628.0	1974.0	2195.0	2370.0	2525.0	2869.0	3058.0	3113.0	3695.0	4256.0	4837.0	6125.0	6799.0	7790.0	9331.0	14141.0	17712.0	57393.0	178433.0	862668.0	3755080.0	11330964.0	37828961.0
ES28_Blue-098_Control-lipid_0_2	21229.0	20806.0	21135.0	22317.0	18714.0	18232.0	16982.0	17331.0	14939.0	14661.0	13320.0	13624.0	13381.0	13056.0	12214.0	14132.0	12946.0	14540.0	13134.0	14028.0	16048.0	17691.0	25566.0	26941.0	42071.0	113563.0	289682.0	1338808.0	4288876.0	12103642.0	35532380.0
ES29_Blue-098_Control-lipid_14_1	360.0	535.0	706.0	792.0	1070.0	1254.0	1413.0	1333.0	1568.0	1828.0	1977.0	2010.0	2200.0	2210.0	2278.0	2404.0	2871.0	3205.0	3594.0	4520.0	4949.0	5675.0	6732.0	10383.0	13894.0	50754.0	165013.0	836315.0	3689328.0	10929873.0	36167810.0
ES29_Blue-098_Control-lipid_14_2	12589.0	12339.0	12774.0	13185.0	11142.0	10955.0	9985.0	9796.0	8660.0	8584.0	7963.0	8042.0	8103.0	7916.0	7732.0	8827.0	8325.0	9540.0	8802.0	10099.0	11298.0	12594.0	18124.0	19633.0	32219.0	105538.0	259481.0	1284529.0	4165984.0	11695744.0	34118352.0
ES2_48_Control-lipid_14_1	298.0	414.0	601.0	722.0	945.0	1223.0	1412.0	1369.0	1448.0	1928.0	2281.0	2656.0	2795.0	2939.0	3223.0	3375.0	4303.0	5380.0	5909.0	7547.0	9031.0	10200.0	11854.0	17012.0	19647.0	52044.0	144593.0	718364.0	3111568.0	9326817.0	31742812.0
ES2_48_Control-lipid_14_2	21883.0	20994.0	21255.0	22313.0	18396.0	17588.0	15658.0	16412.0	14096.0	13931.0	12490.0	12606.0	12415.0	11663.0	10561.0	12719.0	11654.0	13610.0	11286.0	12512.0	13955.0	15864.0	26726.0	24566.0	35754.0	92886.0	252256.0	1165403.0	3681903.0	10247488.0	29353867.0
ES30_Blue-098_Control-lipid_21_1	266.0	338.0	501.0	555.0	751.0	906.0	980.0	1015.0	1075.0	1256.0	1432.0	1648.0	1757.0	1936.0	2059.0	2223.0	2716.0	3254.0	3742.0	4759.0	5651.0	6261.0	7237.0	10178.0	13323.0	38965.0	120030.0	563490.0	2443478.0	7443454.0	24601029.0
ES30_Blue-098_Control-lipid_21_2	22636.0	22830.0	23013.0	24421.0	19874.0	19662.0	17863.0	18131.0	15338.0	14790.0	13268.0	13891.0	13084.0	13094.0	11329.0	13642.0	12046.0	13432.0	11503.0	12493.0	13975.0	15497.0	23612.0	23484.0	35296.0	84200.0	212714.0	917147.0	2844536.0	8050608.0	22738856.0
ES31_Blue-055_NA_0_1	206.0	336.0	395.0	481.0	663.0	813.0	970.0	875.0	1021.0	1172.0	1386.0	1358.0	1365.0	1454.0	1594.0	1581.0	1803.0	2145.0	2370.0	3219.0	3477.0	4115.0	4840.0	9096.0	10972.0	42558.0	134882.0	739184.0	3137160.0	9580763.0	32807713.0
ES31_Blue-055_NA_0_2	5200.0	4986.0	5232.0	5418.0	4863.0	4727.0	4453.0	4459.0	4187.0	4116.0	3960.0	4052.0	4082.0	4208.0	3941.0	4660.0	4320.0	5010.0	4734.0	5727.0	6210.0	6758.0	8941.0	10704.0	19458.0	83042.0	205496.0	1127914.0	3817328.0	10512663.0	30609118.0
ES32_Blue-055_NA_14_1	290.0	435.0	581.0	712.0	963.0	1025.0	1269.0	1255.0	1312.0	1538.0	1740.0	1782.0	1919.0	2069.0	2192.0	2340.0	2653.0	3253.0	3665.0	4732.0	5406.0	6026.0	7351.0	12400.0	14675.0	48429.0	149345.0	738307.0	3264287.0	9839156.0	33612751.0
ES32_Blue-055_NA_14_2	18111.0	16790.0	17216.0	17677.0	14963.0	14334.0	13147.0	13509.0	11576.0	11604.0	10538.0	10841.0	10635.0	10318.0	9368.0	11121.0	10371.0	11681.0	10314.0	11496.0	13127.0	14300.0	22342.0	22420.0	36217.0	98567.0	256247.0	1199049.0	3857894.0	10746975.0	31211110.0
ES33_101-LS_MG-lipid_0_1	261.0	359.0	511.0	605.0	758.0	858.0	1061.0	1095.0	1079.0	1413.0	1598.0	1792.0	1849.0	2009.0	2254.0	2500.0	3103.0	3671.0	4188.0	5497.0	6553.0	7595.0	8641.0	12222.0	15800.0	46042.0	140111.0	748651.0	3307854.0	9846302.0	33721518.0
ES33_101-LS_MG-lipid_0_2	15014.0	14684.0	14964.0	16033.0	13235.0	12526.0	11101.0	11742.0	10139.0	10190.0	9064.0	9234.0	8887.0	8497.0	7905.0	9193.0	8693.0	9567.0	8092.0	9050.0	10127.0	11049.0	19237.0	17200.0	28182.0	97969.0	239195.0	1133998.0	3865502.0	10679814.0	31577667.0
ES34_101-LS_MG-lipid_14_1	218.0	358.0	455.0	556.0	738.0	879.0	1076.0	1034.0	1130.0	1346.0	1438.0	1593.0	1565.0	1627.0	1801.0	1859.0	2251.0	2622.0	2839.0	3533.0	4240.0	4800.0	5789.0	9170.0	11850.0	42146.0	134971.0	721373.0	3126198.0	9407904.0	31381263.0
ES34_101-LS_MG-lipid_14_2	9534.0	9692.0	9759.0	10511.0	8498.0	8630.0	7850.0	7852.0	6898.0	6785.0	6176.0	6341.0	6079.0	6175.0	5594.0	6451.0	6082.0	7018.0	6364.0	7496.0	8217.0	9073.0	13637.0	14561.0	24691.0	85006.0	221999.0	1122550.0	3692886.0	10150353.0	29385864.0
ES35_101-LS_MG-lipid_21_1	265.0	416.0	571.0	651.0	876.0	987.0	1247.0	1181.0	1321.0	1561.0	1929.0	2268.0	2414.0	2595.0	2915.0	3177.0	3992.0	4861.0	5540.0	7217.0	8660.0	9798.0	11128.0	14999.0	18786.0	50268.0	146668.0	734558.0	3127838.0	9510766.0	31404499.0
ES35_101-LS_MG-lipid_21_2	17458.0	16821.0	16985.0	17178.0	14149.0	13781.0	12675.0	12803.0	10925.0	10788.0	9510.0	9980.0	9810.0	9316.0	8490.0	9901.0	9326.0	10517.0	9178.0	10312.0	11736.0	13400.0	20978.0	21191.0	32589.0	98246.0	249260.0	1188064.0	3670857.0	10393327.0	29144401.0
ES36_AR17-21_MG-lipid_0_1	249.0	355.0	455.0	599.0	729.0	868.0	1079.0	1018.0	1083.0	1301.0	1546.0	1769.0	1750.0	1850.0	2024.0	2175.0	2691.0	3121.0	3656.0	4779.0	5642.0	6279.0	7472.0	11196.0	13828.0	42432.0	127080.0	657634.0	2868052.0	8761399.0	29593845.0
ES36_AR17-21_MG-lipid_0_2	20205.0	19654.0	20390.0	21559.0	17797.0	17171.0	16078.0	16197.0	13734.0	13342.0	12036.0	12388.0	11939.0	11467.0	10421.0	12205.0	11083.0	12526.0	10562.0	11435.0	13315.0	14827.0	23406.0	22866.0	34610.0	90573.0	236799.0	1123061.0	3458943.0	9655196.0	27162171.0
ES37_AR17-21_MG-lipid_14_1	328.0	395.0	585.0	774.0	1008.0	1086.0	1195.0	1297.0	1314.0	1599.0	1773.0	1921.0	2072.0	2238.0	2560.0	2695.0	3230.0	3953.0	4607.0	5704.0	6733.0	7783.0	8912.0	12671.0	16461.0	48666.0	149674.0	767467.0	3280659.0	9987126.0	32953576.0
ES37_AR17-21_MG-lipid_14_2	24030.0	23366.0	23539.0	24238.0	19649.0	18767.0	17357.0	17137.0	14424.0	14415.0	12390.0	12515.0	12893.0	12544.0	11136.0	12915.0	12274.0	14712.0	11893.0	13673.0	15271.0	17706.0	29948.0	27146.0	41372.0	103161.0	274471.0	1253479.0	3811191.0	10816980.0	30565470.0
ES38_AR17-21_MG-lipid_21_1	306.0	364.0	552.0	707.0	897.0	1083.0	1239.0	1257.0	1247.0	1392.0	1820.0	2017.0	2105.0	2349.0	2671.0	2676.0	3187.0	3961.0	4519.0	5781.0	6504.0	7626.0	8646.0	12379.0	15761.0	46022.0	140847.0	691797.0	3000771.0	9246749.0	30343624.0
ES38_AR17-21_MG-lipid_21_2	18594.0	17645.0	18228.0	18710.0	15397.0	14870.0	14045.0	14060.0	11918.0	11662.0	10270.0	10692.0	10200.0	10085.0	9306.0	10746.0	9952.0	11702.0	10250.0	11491.0	12838.0	14623.0	22047.0	22459.0	35136.0	92524.0	239534.0	1118509.0	3489675.0	9902081.0	28351607.0
ES39_LD19-239_MG-lipid_14_1	316.0	369.0	590.0	726.0	886.0	992.0	1230.0	1152.0	1204.0	1457.0	1637.0	1913.0	1820.0	2039.0	2201.0	2433.0	2757.0	3378.0	3779.0	4821.0	5522.0	6344.0	7351.0	10863.0	14182.0	47421.0	147224.0	725986.0	3158119.0	9816759.0	31300603.0
ES39_LD19-239_MG-lipid_14_2	23964.0	22935.0	22988.0	23472.0	19135.0	18818.0	17630.0	17407.0	14955.0	14418.0	12724.0	12971.0	13314.0	12594.0	11509.0	13499.0	12424.0	14536.0	12611.0	13633.0	15624.0	17910.0	27226.0	27136.0	40098.0	101892.0	269791.0	1156142.0	3627710.0	10423492.0	29243516.0
ES3_48_Control-lipid_21_1	272.0	341.0	549.0	580.0	745.0	1013.0	1129.0	1146.0	1234.0	1457.0	1696.0	1802.0	1935.0	2099.0	2345.0	2516.0	3004.0	3644.0	4213.0	5488.0	6466.0	7280.0	8451.0	12387.0	15121.0	44029.0	131027.0	666960.0	2914536.0	8904304.0	29351511.0
ES3_48_Control-lipid_21_2	18606.0	18099.0	18094.0	18565.0	15232.0	14837.0	13713.0	13870.0	11469.0	11188.0	9966.0	10219.0	10160.0	9975.0	9068.0	10431.0	9938.0	11591.0	10027.0	11278.0	12916.0	14410.0	24504.0	22739.0	34057.0	87864.0	236996.0	1094075.0	3425880.0	9707367.0	27182146.0
ES40_LD19-239_MG-lipid_21_1	359.0	469.0	666.0	808.0	1058.0	1206.0	1437.0	1410.0	1549.0	1772.0	2049.0	2038.0	2056.0	2336.0	2507.0	2726.0	3399.0	3959.0	4520.0	5523.0	6560.0	7418.0	8580.0	12547.0	16244.0	52898.0	160978.0	834232.0	3687042.0	11238485.0	36554494.0
ES40_LD19-239_MG-lipid_21_2	25398.0	24255.0	24952.0	25914.0	20930.0	20552.0	18897.0	19370.0	16573.0	16433.0	14543.0	14843.0	14352.0	14204.0	12646.0	14999.0	13350.0	15625.0	13216.0	14286.0	16147.0	18328.0	27934.0	27860.0	40765.0	117279.0	293429.0	1316866.0	4232645.0	11940854.0	34233880.0
ES41_Blue-013_Control-protein_0_1	328.0	451.0	683.0	759.0	1076.0	1181.0	1379.0	1389.0	1506.0	1816.0	2027.0	2338.0	2466.0	2965.0	3072.0	3347.0	4464.0	5396.0	6137.0	7674.0	9337.0	10351.0	11945.0	16384.0	20158.0	54091.0	153647.0	768634.0	3345122.0	10603083.0	34056037.0
ES41_Blue-013_Control-protein_0_2	27368.0	27025.0	27196.0	28780.0	23145.0	22768.0	20860.0	21364.0	17831.0	18104.0	15318.0	15888.0	15502.0	14617.0	12990.0	15431.0	13741.0	15836.0	13322.0	14312.0	16072.0	18251.0	30053.0	28229.0	41678.0	110611.0	285416.0	1212522.0	3942792.0	11217707.0	31814514.0
ES42_Blue-013_Control-protein_14_1	262.0	419.0	539.0	656.0	900.0	1056.0	1324.0	1255.0	1367.0	1630.0	1772.0	1994.0	1915.0	2120.0	2326.0	2459.0	2890.0	3378.0	3864.0	5069.0	5685.0	6599.0	7822.0	12221.0	14481.0	47381.0	141949.0	700318.0	2998526.0	9569469.0	29928978.0
ES42_Blue-013_Control-protein_14_2	19444.0	18340.0	19073.0	19487.0	16745.0	16372.0	14883.0	15046.0	13162.0	12747.0	11643.0	11592.0	11695.0	10906.0	9968.0	11739.0	10456.0	11644.0	10437.0	11283.0	12576.0	14131.0	20391.0	21919.0	32384.0	89327.0	241453.0	1085886.0	3497880.0	9964636.0	28213379.0
ES43_Blue-013_Control-protein_21_1	279.0	378.0	552.0	680.0	885.0	1005.0	1213.0	1213.0	1263.0	1559.0	1811.0	1909.0	1957.0	2300.0	2372.0	2629.0	3221.0	3879.0	4369.0	5568.0	6424.0	7281.0	8724.0	11923.0	15549.0	48218.0	147255.0	751497.0	3280542.0	10056299.0	32226748.0
ES43_Blue-013_Control-protein_21_2	23387.0	22582.0	23070.0	23851.0	19389.0	18873.0	17192.0	17683.0	14866.0	14715.0	12924.0	13008.0	13093.0	12469.0	10910.0	13077.0	11755.0	13653.0	11746.0	12830.0	14306.0	16282.0	24357.0	24380.0	36557.0	102437.0	264298.0	1185861.0	3720625.0	10667538.0	30221788.0
ES44_Blue-015_MG-lipid_0_1	288.0	420.0	586.0	644.0	900.0	1020.0	1261.0	1238.0	1304.0	1570.0	1758.0	1850.0	1954.0	2029.0	2207.0	2256.0	2867.0	3268.0	3579.0	4696.0	5347.0	6111.0	7288.0	11920.0	14640.0	50684.0	156755.0	784052.0	3404189.0	10459126.0	34299363.0
ES44_Blue-015_MG-lipid_0_2	17839.0	16315.0	16801.0	16753.0	14213.0	13582.0	12391.0	12525.0	10874.0	11027.0	10009.0	10337.0	10420.0	9767.0	9167.0	10750.0	10087.0	11547.0	10282.0	11376.0	13032.0	14620.0	20904.0	22488.0	35041.0	100581.0	267534.0	1226957.0	3978826.0	11189671.0	32119454.0
ES45_Blue-015_MG-lipid_14_1	302.0	389.0	576.0	629.0	922.0	1008.0	1315.0	1264.0	1297.0	1689.0	1752.0	1635.0	1660.0	1721.0	1796.0	1792.0	2091.0	2470.0	2728.0	3579.0	3959.0	4440.0	5529.0	9960.0	12613.0	50835.0	162739.0	868589.0	3808841.0	11510780.0	37306693.0
ES45_Blue-015_MG-lipid_14_2	6706.0	6725.0	7027.0	7203.0	6272.0	6392.0	6199.0	5981.0	5183.0	5368.0	4943.0	5181.0	5264.0	5530.0	5275.0	5866.0	5678.0	6355.0	6059.0	7022.0	7980.0	8899.0	12185.0	14232.0	24439.0	100157.0	260867.0	1319946.0	4366924.0	12150148.0	35389587.0
ES46_Blue-015_MG-lipid_21_1	320.0	452.0	596.0	696.0	956.0	1086.0	1303.0	1343.0	1386.0	1557.0	1704.0	1863.0	1893.0	2131.0	2258.0	2410.0	2824.0	3309.0	3612.0	4705.0	5256.0	5763.0	7143.0	11042.0	14039.0	48237.0	151631.0	749877.0	3192929.0	10166898.0	31515774.0
ES46_Blue-015_MG-lipid_21_2	14517.0	14137.0	14124.0	14081.0	12198.0	11767.0	11322.0	11228.0	9459.0	9429.0	8364.0	8806.0	8747.0	8840.0	8234.0	9467.0	9016.0	10251.0	9744.0	10952.0	12291.0	13592.0	19222.0	21106.0	33615.0	96130.0	256650.0	1126408.0	3706322.0	10669382.0	29735592.0
ES47_Blue-45_MG-protein_0_1	261.0	351.0	490.0	588.0	724.0	844.0	950.0	946.0	1049.0	1266.0	1443.0	1496.0	1489.0	1598.0	1790.0	1810.0	2158.0	2491.0	2779.0	3563.0	4104.0	4740.0	5487.0	8642.0	11677.0	42630.0	138465.0	695752.0	3020183.0	9233139.0	29765129.0
ES47_Blue-45_MG-protein_0_2	12476.0	11865.0	11723.0	12063.0	10453.0	10072.0	9278.0	9373.0	8197.0	7943.0	7431.0	7795.0	7710.0	7451.0	6986.0	8013.0	7740.0	8765.0	8049.0	8824.0	10142.0	11414.0	16007.0	17332.0	27116.0	85007.0	217908.0	1057491.0	3417606.0	9672324.0	28243480.0
ES48_Blue-45_MG-protein_14_1	237.0	353.0	482.0	617.0	756.0	902.0	1104.0	976.0	1112.0	1320.0	1516.0	1537.0	1587.0	1752.0	1924.0	1944.0	2292.0	2659.0	2905.0	4049.0	4501.0	5191.0	6445.0	10028.0	12668.0	45406.0	143027.0	720916.0	3132686.0	9456063.0	31711554.0
ES48_Blue-45_MG-protein_14_2	15240.0	14012.0	14023.0	14066.0	11871.0	11230.0	10489.0	10550.0	9326.0	9497.0	8544.0	8917.0	8910.0	8584.0	8155.0	9357.0	9152.0	10222.0	9538.0	10588.0	11988.0	13246.0	19763.0	21019.0	33046.0	92926.0	240783.0	1131163.0	3654724.0	10161180.0	29686400.0
ES49_Blue-024_Control-protein_0_1	317.0	396.0	586.0	694.0	937.0	1181.0	1263.0	1270.0	1431.0	1656.0	2147.0	2577.0	2576.0	2792.0	3147.0	3619.0	4469.0	5539.0	6365.0	8163.0	9849.0	10968.0	12392.0	16048.0	20311.0	49389.0	138328.0	694465.0	3032810.0	9261135.0	30840999.0
ES49_Blue-024_Control-protein_0_2	23336.0	22856.0	23391.0	24559.0	19559.0	18606.0	16904.0	17305.0	14222.0	14242.0	12172.0	12111.0	12203.0	11480.0	10203.0	12370.0	11390.0	13623.0	11141.0	12036.0	13502.0	15869.0	29391.0	24104.0	36583.0	97306.0	251398.0	1098562.0	3557981.0	10086280.0	28613134.0
ES4_164_Control-protein_0_1	304.0	402.0	613.0	758.0	946.0	1185.0	1374.0	1313.0	1458.0	1672.0	2112.0	2502.0	2629.0	2996.0	3233.0	3585.0	4564.0	5526.0	6383.0	7901.0	9423.0	10546.0	12293.0	16505.0	19913.0	52384.0	139176.0	700899.0	3023836.0	9383799.0	31269193.0
ES4_164_Control-protein_0_2	23094.0	22996.0	22318.0	23656.0	19094.0	18309.0	17256.0	17563.0	14766.0	14513.0	12851.0	13069.0	13033.0	12583.0	10939.0	13419.0	12440.0	14030.0	12101.0	13379.0	15391.0	17219.0	27786.0	27276.0	39381.0	102587.0	271631.0	1158899.0	3608927.0	10259147.0	28839770.0
ES50_Blue-024_Control-protein_14_1	272.0	379.0	523.0	655.0	875.0	937.0	1126.0	1176.0	1223.0	1432.0	1752.0	2177.0	2221.0	2488.0	2660.0	2834.0	3477.0	4210.0	4869.0	6440.0	7373.0	8339.0	9282.0	12534.0	16111.0	42098.0	122917.0	623344.0	2688445.0	8350325.0	27459325.0
ES50_Blue-024_Control-protein_14_2	21515.0	20682.0	20780.0	20943.0	17394.0	16533.0	15282.0	15318.0	12711.0	12458.0	10842.0	10966.0	10679.0	10429.0	9333.0	11000.0	10244.0	12351.0	10266.0	11714.0	13381.0	15063.0	25802.0	23594.0	35007.0	86569.0	229469.0	1065685.0	3190336.0	9157778.0	25257695.0
ES51_Blue-024_Control-protein_21_1	259.0	363.0	508.0	623.0	877.0	946.0	1052.0	1095.0	1155.0	1479.0	1752.0	2026.0	2150.0	2471.0	2638.0	3041.0	3811.0	4637.0	5313.0	6704.0	8312.0	9394.0	10460.0	13476.0	17374.0	43198.0	122540.0	604581.0	2629297.0	7948448.0	26796277.0
ES51_Blue-024_Control-protein_21_2	18475.0	18035.0	18300.0	19199.0	15731.0	15295.0	13905.0	13988.0	11893.0	11850.0	10641.0	10452.0	10501.0	10028.0	9081.0	10822.0	9856.0	11381.0	9635.0	10707.0	12303.0	13942.0	21584.0	21507.0	32689.0	84084.0	213627.0	1018863.0	3119058.0	8740770.0	24708055.0
ES52_SEM19-1481_MG-lipid_14_1	325.0	397.0	539.0	734.0	928.0	1146.0	1262.0	1331.0	1267.0	1506.0	1767.0	1969.0	2035.0	2277.0	2378.0	2705.0	3304.0	3905.0	4534.0	5768.0	6749.0	7539.0	8800.0	12477.0	15714.0	46498.0	139668.0	711573.0	3160560.0	9567308.0	31291426.0
ES52_SEM19-1481_MG-lipid_14_2	28276.0	26012.0	26297.0	26698.0	21954.0	20617.0	19221.0	19619.0	16830.0	16543.0	14703.0	15001.0	14807.0	13925.0	12522.0	14911.0	13613.0	15514.0	13179.0	14812.0	16545.0	18520.0	29500.0	28296.0	39972.0	104117.0	286325.0	1180761.0	3642978.0	10344577.0	28951744.0
ES53_SEM19-74_MG-protein_0_1	227.0	333.0	419.0	515.0	656.0	813.0	1018.0	906.0	1031.0	1159.0	1355.0	1544.0	1575.0	1763.0	1934.0	1929.0	2343.0	2904.0	3248.0	4183.0	4951.0	5598.0	6622.0	10172.0	12471.0	39680.0	125203.0	655046.0	2820868.0	8595664.0	28805469.0
ES53_SEM19-74_MG-protein_0_2	19366.0	18467.0	18417.0	19101.0	15387.0	14798.0	13583.0	13620.0	11394.0	11607.0	10413.0	10286.0	10450.0	10076.0	8999.0	10638.0	9987.0	11630.0	9808.0	10938.0	12732.0	14400.0	23121.0	22374.0	33159.0	87106.0	235616.0	1105507.0	3349430.0	9462647.0	26506542.0
ES54_SEM19-74_MG-protein_14_1	224.0	340.0	428.0	555.0	748.0	909.0	1071.0	1039.0	1078.0	1198.0	1475.0	1825.0	1751.0	2136.0	2255.0	2477.0	2971.0	3683.0	4060.0	5315.0	6471.0	7044.0	8170.0	11692.0	14848.0	43681.0	133910.0	695823.0	2964154.0	9056399.0	29635363.0
ES54_SEM19-74_MG-protein_14_2	21503.0	19711.0	19961.0	19643.0	16335.0	15208.0	13832.0	14182.0	11892.0	11865.0	10508.0	10767.0	10202.0	9905.0	9091.0	10834.0	9930.0	11455.0	9641.0	10891.0	12602.0	14154.0	23613.0	21657.0	32309.0	89124.0	239902.0	1148942.0	3455972.0	9867734.0	27439728.0
ES55_SEM19-74_MG-protein_21_1	260.0	392.0	599.0	690.0	949.0	1136.0	1390.0	1348.0	1429.0	1806.0	2093.0	2626.0	2771.0	3090.0	3381.0	3581.0	4448.0	5600.0	6480.0	8179.0	10013.0	11307.0	12767.0	17132.0	20461.0	48707.0	132427.0	622125.0	2600697.0	8112024.0	26345592.0
ES55_SEM19-74_MG-protein_21_2	23343.0	22199.0	22266.0	23063.0	18880.0	18471.0	16456.0	16824.0	14125.0	14163.0	11892.0	12309.0	11973.0	11316.0	10160.0	12115.0	10693.0	12349.0	10430.0	11333.0	12599.0	14414.0	22473.0	22005.0	32876.0	84695.0	216622.0	989023.0	3056705.0	8764896.0	24464832.0
ES56_Blue-050_Control-lipid_21_1	310.0	425.0	567.0	744.0	934.0	1194.0	1315.0	1201.0	1326.0	1629.0	1962.0	2335.0	2472.0	2745.0	2798.0	2957.0	3445.0	4275.0	4615.0	5995.0	7555.0	8601.0	9821.0	14097.0	16886.0	48328.0	142236.0	765333.0	3302272.0	9893634.0	34287094.0
ES56_Blue-050_Control-lipid_21_2	25776.0	25426.0	25051.0	26699.0	22191.0	20777.0	18812.0	19424.0	16477.0	15986.0	14229.0	14911.0	14454.0	14742.0	13016.0	15289.0	15603.0	17102.0	13715.0	15231.0	17809.0	20281.0	35733.0	30129.0	45032.0	100024.0	270655.0	1395424.0	3865185.0	11072560.0	31321358.0
ES57_Blue-031_MG-lipid_0_1	289.0	440.0	555.0	685.0	873.0	1115.0	1381.0	1201.0	1332.0	1579.0	1955.0	2115.0	2190.0	2413.0	2637.0	2761.0	3435.0	3878.0	4627.0	6096.0	6836.0	8018.0	9122.0	13797.0	17161.0	51357.0	153764.0	821991.0	3571111.0	10848067.0	37058729.0
ES57_Blue-031_MG-lipid_0_2	15529.0	14848.0	14744.0	15127.0	12839.0	12121.0	11245.0	11304.0	9630.0	9692.0	8778.0	9075.0	9205.0	9047.0	8472.0	9784.0	9127.0	11162.0	9487.0	10730.0	12200.0	14118.0	22934.0	21469.0	34844.0	108867.0	272066.0	1357941.0	4264923.0	11902825.0	34367377.0
ES58_Blue-032_MG-protein_0_1	403.0	580.0	873.0	994.0	1321.0	1565.0	1822.0	1766.0	1905.0	2354.0	2682.0	3163.0	3322.0	3674.0	3980.0	4418.0	5397.0	6597.0	7534.0	9741.0	11623.0	13025.0	15109.0	20700.0	24627.0	61557.0	166322.0	787682.0	3435864.0	10518731.0	34804818.0
ES58_Blue-032_MG-protein_0_2	27621.0	27546.0	27663.0	29122.0	23691.0	22913.0	21312.0	20871.0	17606.0	17303.0	15319.0	15388.0	14959.0	14532.0	12758.0	14955.0	13759.0	15759.0	13716.0	15123.0	17222.0	18938.0	29846.0	29227.0	43464.0	111132.0	278555.0	1316794.0	3981137.0	11362682.0	32353236.0
ES59_Blue-032_MG-protein_14_1	288.0	451.0	605.0	751.0	881.0	1086.0	1295.0	1269.0	1298.0	1633.0	1943.0	2334.0	2479.0	2702.0	2889.0	3141.0	3846.0	4829.0	5439.0	7081.0	8213.0	9416.0	10761.0	14578.0	18808.0	51041.0	153871.0	762743.0	3262661.0	9979950.0	32861316.0
ES59_Blue-032_MG-protein_14_2	27415.0	26812.0	26783.0	28333.0	23004.0	21976.0	20250.0	20577.0	17147.0	16821.0	14819.0	14839.0	14543.0	13878.0	12293.0	14451.0	12941.0	15168.0	12646.0	13955.0	15769.0	17555.0	28554.0	27481.0	41040.0	105654.0	273878.0	1264957.0	3823982.0	10860474.0	30351603.0
ES5_164_Control-protein_14_1	301.0	380.0	510.0	656.0	876.0	1005.0	1231.0	1097.0	1155.0	1352.0	1605.0	1836.0	1803.0	1972.0	2055.0	2167.0	2703.0	3101.0	3499.0	4539.0	5249.0	6083.0	7093.0	10773.0	13413.0	43882.0	129219.0	650928.0	2865466.0	8878885.0	29371562.0
ES5_164_Control-protein_14_2	18127.0	17630.0	17407.0	17775.0	14767.0	14547.0	13555.0	13457.0	11303.0	11389.0	9986.0	10314.0	10528.0	10323.0	9419.0	11085.0	10432.0	12123.0	10759.0	11799.0	13504.0	15633.0	24641.0	23999.0	35949.0	94978.0	244027.0	1070338.0	3363056.0	9531587.0	27341959.0
ES60_Blue-032_MG-protein_21_1	283.0	421.0	610.0	725.0	900.0	962.0	1209.0	1176.0	1262.0	1467.0	1615.0	1824.0	1905.0	2082.0	2350.0	2658.0	3309.0	3854.0	4538.0	5679.0	6580.0	7439.0	8632.0	11776.0	15602.0	44089.0	136613.0	671300.0	2923741.0	9149561.0	29409304.0
ES60_Blue-032_MG-protein_21_2	25526.0	25274.0	25426.0	26125.0	21234.0	20604.0	18941.0	18743.0	15787.0	15101.0	13115.0	13340.0	12954.0	12293.0	11147.0	12830.0	11526.0	13653.0	11590.0	12728.0	14547.0	16268.0	26451.0	25495.0	38041.0	97606.0	247890.0	1135301.0	3447111.0	9845337.0	27191482.0
ES61_Blue-035_MG-protein_0_1	270.0	370.0	455.0	549.0	736.0	864.0	987.0	942.0	1103.0	1241.0	1397.0	1536.0	1558.0	1694.0	1749.0	2038.0	2331.0	2801.0	2994.0	3949.0	4487.0	5338.0	6063.0	9409.0	12049.0	39481.0	122865.0	626104.0	2723975.0	8217470.0	27037023.0
ES61_Blue-035_MG-protein_0_2	14972.0	14699.0	14335.0	15072.0	12197.0	12009.0	11323.0	11056.0	9720.0	9487.0	8379.0	8736.0	9006.0	8957.0	8164.0	9672.0	8928.0	10519.0	9223.0	10129.0	11867.0	13078.0	19704.0	20698.0	30638.0	85229.0	219614.0	1007109.0	3155471.0	8868006.0	25185831.0
ES62_Blue-035_MG-protein_14_1	302.0	402.0	553.0	654.0	883.0	1039.0	1184.0	1190.0	1267.0	1477.0	1798.0	1934.0	1992.0	2272.0	2347.0	2510.0	3060.0	3707.0	4203.0	5196.0	6211.0	6949.0	8045.0	11889.0	15020.0	46626.0	140824.0	699643.0	3074076.0	9404599.0	31009408.0
ES62_Blue-035_MG-protein_14_2	24028.0	22817.0	22915.0	23130.0	19006.0	18394.0	17431.0	17159.0	14433.0	14541.0	12771.0	12951.0	12931.0	12669.0	11577.0	13503.0	12411.0	14491.0	12808.0	14237.0	16070.0	18321.0	27866.0	27872.0	40813.0	102178.0	258420.0	1150281.0	3646178.0	10181189.0	28667869.0
ES63_Blue-035_MG-protein_21_1	271.0	348.0	519.0	637.0	815.0	964.0	1049.0	1115.0	1208.0	1381.0	1635.0	1747.0	1724.0	1931.0	2170.0	2278.0	2716.0	3236.0	3593.0	4511.0	5290.0	5975.0	6851.0	10578.0	13305.0	42011.0	127793.0	643263.0	2814676.0	8583004.0	28638244.0
ES63_Blue-035_MG-protein_21_2	16267.0	15736.0	15633.0	16040.0	13463.0	12935.0	12459.0	12249.0	10495.0	10624.0	9564.0	9909.0	10353.0	10174.0	9502.0	11125.0	10524.0	12342.0	10988.0	12266.0	14084.0	16151.0	23676.0	24991.0	37737.0	91720.0	239308.0	1069865.0	3331704.0	9346934.0	26486020.0
ES64_SEM19-1481_MG-lipid_21_1	319.0	459.0	609.0	709.0	930.0	1052.0	1288.0	1297.0	1403.0	1607.0	1855.0	2045.0	2061.0	2321.0	2516.0	2717.0	3311.0	4142.0	4692.0	5788.0	7099.0	7714.0	9030.0	13814.0	16622.0	49255.0	139842.0	716916.0	3224576.0	9685789.0	32376674.0
ES64_SEM19-1481_MG-lipid_21_2	21374.0	20562.0	20755.0	21624.0	17902.0	17346.0	15869.0	16054.0	13665.0	13512.0	12062.0	12358.0	12303.0	11968.0	10764.0	12593.0	11683.0	13550.0	11650.0	12798.0	14737.0	16526.0	25684.0	25726.0	36412.0	101390.0	283685.0	1205121.0	3790524.0	10547671.0	29940584.0
ES65_106_NA_0_1	285.0	415.0	586.0	708.0	945.0	1179.0	1274.0	1282.0	1326.0	1609.0	2018.0	2211.0	2362.0	2581.0	2970.0	3141.0	3857.0	4810.0	5447.0	6815.0	7992.0	9303.0	10462.0	14208.0	17738.0	49372.0	140355.0	706962.0	3119830.0	9305479.0	32006943.0
ES65_106_NA_0_2	25930.0	24009.0	23899.0	24894.0	20452.0	19423.0	17567.0	17999.0	15282.0	15568.0	13585.0	13755.0	13844.0	13189.0	11807.0	14276.0	12959.0	14989.0	13127.0	14130.0	16385.0	18543.0	29552.0	28482.0	42441.0	101552.0	259899.0	1200556.0	3676904.0	10267726.0	29451741.0
ES66_617_Control-protein_14_1	294.0	420.0	559.0	718.0	890.0	1066.0	1215.0	1250.0	1292.0	1580.0	1932.0	2215.0	2295.0	2401.0	2645.0	3035.0	3626.0	4500.0	5313.0	6844.0	8171.0	9301.0	10693.0	14765.0	18146.0	47725.0	135323.0	680123.0	2880994.0	9034410.0	30011060.0
ES66_617_Control-protein_14_2	25755.0	25667.0	25966.0	27259.0	22132.0	21462.0	19366.0	19318.0	16345.0	16068.0	14051.0	14132.0	13959.0	13580.0	11918.0	13925.0	12675.0	15113.0	12298.0	13889.0	15504.0	17756.0	29233.0	27575.0	40103.0	97772.0	259938.0	1182341.0	3504516.0	9950012.0	27415173.0
ES67_Blue-037_MG-protein_0_1	374.0	546.0	706.0	878.0	1113.0	1271.0	1433.0	1469.0	1569.0	1903.0	2111.0	2374.0	2501.0	2715.0	2941.0	3210.0	3876.0	4539.0	4984.0	6274.0	7464.0	8435.0	9754.0	13653.0	17327.0	49059.0	142177.0	669087.0	2948771.0	9350770.0	29402061.0
ES67_Blue-037_MG-protein_0_2	28778.0	28840.0	29184.0	30254.0	24516.0	24121.0	22583.0	22122.0	18613.0	18239.0	15455.0	15877.0	15454.0	14954.0	13003.0	15535.0	13518.0	15506.0	13597.0	14697.0	16299.0	18480.0	26592.0	27764.0	40940.0	99894.0	250057.0	1088369.0	3396434.0	9817817.0	27487853.0
ES68_Blue-037_MG-protein_14_1	286.0	417.0	546.0	730.0	831.0	994.0	1145.0	1131.0	1317.0	1363.0	1543.0	1807.0	1951.0	2153.0	2294.0	2487.0	3043.0	3573.0	3956.0	4948.0	5869.0	6599.0	7736.0	11206.0	14206.0	43375.0	129471.0	608527.0	2654500.0	8250850.0	26680922.0
ES68_Blue-037_MG-protein_14_2	22574.0	21685.0	22107.0	22447.0	18570.0	18238.0	16978.0	16872.0	14247.0	13676.0	12021.0	12417.0	12410.0	12188.0	10806.0	12679.0	11654.0	13439.0	11882.0	13249.0	15092.0	17101.0	23914.0	25943.0	37569.0	89811.0	233923.0	1014993.0	3108734.0	8834872.0	24737685.0
ES69_Blue-037_MG-protein_21_1	345.0	459.0	672.0	840.0	1045.0	1202.0	1312.0	1393.0	1485.0	1669.0	1955.0	2103.0	2298.0	2492.0	2710.0	2955.0	3552.0	4117.0	4893.0	5911.0	7133.0	7952.0	9186.0	12984.0	16380.0	48294.0	137962.0	643789.0	2816209.0	9006953.0	28423145.0
ES69_Blue-037_MG-protein_21_2	21228.0	19827.0	19703.0	19544.0	16744.0	16107.0	15139.0	14860.0	12760.0	12437.0	11463.0	11631.0	11422.0	11038.0	10221.0	12045.0	11148.0	12813.0	11883.0	12966.0	14796.0	16791.0	24099.0	25454.0	37511.0	92918.0	243351.0	1056984.0	3308264.0	9481071.0	26587177.0
ES6_164_Control-protein_21_1	304.0	385.0	555.0	667.0	868.0	1000.0	1128.0	1104.0	1232.0	1364.0	1516.0	1676.0	1738.0	1948.0	2063.0	2137.0	2692.0	3091.0	3444.0	4418.0	5186.0	5710.0	6911.0	10512.0	13379.0	44547.0	135117.0	644751.0	2840162.0	8900067.0	28577192.0
ES6_164_Control-protein_21_2	18436.0	18044.0	18059.0	18592.0	15543.0	15362.0	14320.0	14165.0	12125.0	11889.0	10701.0	10980.0	10937.0	10710.0	9944.0	11476.0	10518.0	12308.0	11120.0	12282.0	13795.0	15475.0	22038.0	24523.0	35915.0	92217.0	238255.0	1063221.0	3340387.0	9425886.0	26677641.0
ES70_Blue-039_Control-lipid_0_1	377.0	523.0	824.0	875.0	1117.0	1342.0	1645.0	1641.0	1681.0	2064.0	2473.0	3010.0	3107.0	3357.0	3722.0	3933.0	4848.0	5725.0	6758.0	8323.0	9990.0	11233.0	12799.0	18171.0	22331.0	60823.0	175102.0	865387.0	3747469.0	11281694.0	38389519.0
ES70_Blue-039_Control-lipid_0_2	22185.0	21798.0	21555.0	22578.0	18739.0	17839.0	16550.0	16804.0	14257.0	14121.0	12619.0	12936.0	12690.0	12572.0	11326.0	13397.0	12486.0	14877.0	12790.0	14519.0	16462.0	18589.0	29814.0	29111.0	44166.0	116236.0	302114.0	1485988.0	4427464.0	12448934.0	35416347.0
ES71_Blue-039_Control-lipid_14_1	259.0	375.0	482.0	609.0	790.0	970.0	1064.0	1111.0	1154.0	1332.0	1627.0	1766.0	1960.0	2118.0	2343.0	2435.0	3061.0	3926.0	4390.0	5499.0	6581.0	7235.0	8450.0	11937.0	14915.0	42340.0	124692.0	618187.0	2667008.0	8267787.0	26970402.0
ES71_Blue-039_Control-lipid_14_2	18778.0	17678.0	18135.0	18804.0	15348.0	15020.0	13449.0	13773.0	11514.0	11269.0	9779.0	10151.0	10088.0	9613.0	8828.0	10155.0	9251.0	11161.0	9237.0	10609.0	12008.0	13399.0	21639.0	20620.0	31746.0	85309.0	217256.0	1031191.0	3145552.0	8955358.0	24990087.0
ES72_Blue-039_Control-lipid_21_1	314.0	430.0	720.0	768.0	971.0	1259.0	1420.0	1394.0	1556.0	1816.0	2229.0	2616.0	2685.0	3047.0	3398.0	3795.0	4564.0	5575.0	6701.0	8193.0	10109.0	11123.0	12659.0	16713.0	20643.0	50693.0	142350.0	679722.0	2941701.0	9094288.0	30049567.0
ES72_Blue-039_Control-lipid_21_2	25353.0	25371.0	25367.0	26161.0	21520.0	20965.0	19387.0	19180.0	15687.0	15862.0	13525.0	13570.0	13465.0	13077.0	11658.0	13721.0	12503.0	14771.0	12768.0	14153.0	16012.0	18235.0	29052.0	28302.0	42670.0	103077.0	259369.0	1169434.0	3514835.0	9965689.0	27588280.0
ES73_Blue-042_MG-protein_0_1	331.0	512.0	699.0	826.0	1046.0	1347.0	1548.0	1363.0	1572.0	1856.0	2433.0	2548.0	2705.0	2916.0	3185.0	3329.0	3960.0	4900.0	5453.0	7105.0	8467.0	9550.0	10897.0	16042.0	19875.0	57220.0	166451.0	837064.0	3660522.0	11050915.0	37644967.0
ES73_Blue-042_MG-protein_0_2	28356.0	27084.0	27080.0	27955.0	22435.0	21362.0	19966.0	20294.0	17173.0	17033.0	15210.0	15154.0	15402.0	14912.0	13127.0	15823.0	14595.0	17189.0	14420.0	16108.0	18150.0	20438.0	33390.0	32076.0	47270.0	120439.0	306095.0	1437788.0	4306611.0	12153987.0	34674682.0
ES74_Blue-042_MG-protein_14_1	282.0	438.0	623.0	745.0	1012.0	1206.0	1403.0	1428.0	1430.0	1822.0	2392.0	2737.0	2860.0	3159.0	3555.0	3773.0	4734.0	5587.0	6270.0	8452.0	9981.0	11173.0	12709.0	17256.0	21347.0	58841.0	168238.0	803162.0	3429425.0	10588306.0	35147784.0
ES74_Blue-042_MG-protein_14_2	28155.0	27553.0	27746.0	29093.0	23769.0	22833.0	21065.0	21315.0	18151.0	17740.0	15252.0	15773.0	15662.0	15055.0	13268.0	15544.0	14141.0	16632.0	14093.0	15531.0	17495.0	19504.0	29911.0	30615.0	46635.0	114087.0	296948.0	1350735.0	4088871.0	11552597.0	32386361.0
ES75_Blue-042_MG-protein_21_1	247.0	420.0	562.0	670.0	979.0	1078.0	1395.0	1289.0	1333.0	1718.0	2120.0	2571.0	2717.0	3020.0	3225.0	3651.0	4350.0	5348.0	6017.0	7953.0	9737.0	10813.0	11950.0	16833.0	20405.0	53878.0	154092.0	760172.0	3288913.0	9951516.0	34039883.0
ES75_Blue-042_MG-protein_21_2	19116.0	18459.0	18307.0	18966.0	15634.0	15167.0	13621.0	13599.0	11650.0	11724.0	10246.0	10455.0	10431.0	10387.0	9406.0	11349.0	10303.0	12348.0	10477.0	11868.0	13629.0	15358.0	24615.0	23969.0	36867.0	103088.0	263465.0	1300555.0	3899408.0	11015115.0	31409273.0
ES76_Blue-043_MG-lipid_0_1	270.0	395.0	534.0	730.0	903.0	1059.0	1214.0	1218.0	1302.0	1424.0	1793.0	2010.0	2045.0	2343.0	2517.0	2754.0	3363.0	4119.0	4556.0	5819.0	7019.0	7884.0	9002.0	12393.0	15946.0	45379.0	131821.0	652948.0	2877570.0	8775395.0	28764740.0
ES76_Blue-043_MG-lipid_0_2	21267.0	20140.0	20700.0	20722.0	17423.0	16645.0	15402.0	15863.0	13334.0	13372.0	11958.0	12152.0	12079.0	11251.0	10474.0	12660.0	11058.0	12743.0	11062.0	12031.0	13938.0	15613.0	23455.0	23615.0	34101.0	88052.0	233889.0	1079417.0	3331561.0	9374770.0	26829718.0
ES77_Blue-043_MG-lipid_14_1	277.0	445.0	584.0	738.0	898.0	1048.0	1303.0	1258.0	1456.0	1658.0	1856.0	2029.0	2054.0	2338.0	2471.0	2663.0	3194.0	3788.0	4125.0	5440.0	6302.0	7167.0	8256.0	12599.0	15636.0	51440.0	152480.0	749043.0	3258231.0	9868734.0	32249221.0
ES77_Blue-043_MG-lipid_14_2	21960.0	20787.0	21395.0	21633.0	18075.0	17543.0	16570.0	16654.0	14435.0	14432.0	12501.0	12838.0	12955.0	12373.0	11175.0	13164.0	12041.0	13699.0	12286.0	13162.0	14893.0	16589.0	23607.0	25109.0	36558.0	95358.0	257929.0	1174433.0	3702722.0	10405704.0	30356152.0
ES78_Blue-043_MG-lipid_21_1	385.0	506.0	640.0	857.0	1103.0	1208.0	1367.0	1420.0	1505.0	1722.0	2028.0	2157.0	2351.0	2541.0	2739.0	2957.0	3554.0	4150.0	4804.0	5947.0	7120.0	8118.0	9475.0	13823.0	17708.0	55522.0	167120.0	810505.0	3531003.0	10854578.0	35001671.0
ES78_Blue-043_MG-lipid_21_2	19609.0	19318.0	19355.0	20152.0	16731.0	16374.0	15354.0	15320.0	13240.0	12866.0	11651.0	12022.0	12367.0	11757.0	10898.0	12516.0	11505.0	13305.0	11830.0	12961.0	14894.0	16860.0	23454.0	25287.0	37796.0	100134.0	270066.0	1260470.0	4022635.0	11382463.0	33077394.0
ES79_Blue-050_Control-lipid_0_1	314.0	442.0	544.0	643.0	864.0	960.0	1203.0	1102.0	1257.0	1441.0	1793.0	2092.0	2243.0	2553.0	2654.0	2901.0	3396.0	4333.0	4961.0	6133.0	7401.0	8319.0	9606.0	13183.0	16160.0	43670.0	124769.0	642015.0	2733346.0	8347979.0	27353808.0
ES79_Blue-050_Control-lipid_0_2	20439.0	20280.0	20380.0	21315.0	17869.0	17030.0	15484.0	15506.0	12947.0	12817.0	11208.0	11494.0	11182.0	11423.0	10205.0	11695.0	11279.0	12671.0	11004.0	12190.0	14307.0	16132.0	25280.0	23827.0	35637.0	81436.0	220170.0	1119553.0	3135828.0	9145432.0	25236065.0
ES7_SEM19-1354_Control-protein_14_1	268.0	399.0	538.0	646.0	803.0	989.0	1206.0	1060.0	1222.0	1415.0	1706.0	1673.0	1817.0	2069.0	2069.0	2320.0	2736.0	3394.0	3899.0	4696.0	5521.0	6457.0	7445.0	11014.0	13848.0	43324.0	131586.0	697826.0	2980518.0	9298116.0	30053376.0
ES7_SEM19-1354_Control-protein_14_2	17481.0	16359.0	16496.0	16550.0	13869.0	12923.0	11856.0	12356.0	10616.0	10417.0	9312.0	9783.0	9490.0	8722.0	8332.0	9592.0	9133.0	10573.0	9069.0	10005.0	11570.0	13153.0	20896.0	20143.0	30093.0	90213.0	239791.0	1120325.0	3502224.0	9983586.0	28019028.0
ES80_Blue-050_Control-lipid_14_1	266.0	376.0	477.0	600.0	763.0	904.0	1149.0	1045.0	1054.0	1406.0	1716.0	2051.0	2096.0	2421.0	2486.0	2746.0	3530.0	4175.0	4919.0	6395.0	7632.0	8616.0	9834.0	13984.0	16567.0	45053.0	128369.0	679940.0	2883089.0	8844753.0	29521152.0
ES80_Blue-050_Control-lipid_14_2	20530.0	19594.0	19553.0	20206.0	17269.0	16153.0	15012.0	15002.0	12896.0	12307.0	11041.0	11392.0	11099.0	10982.0	10101.0	11274.0	11442.0	12753.0	10383.0	11712.0	14307.0	16270.0	25264.0	24588.0	37887.0	87117.0	237446.0	1249641.0	3484080.0	10046308.0	26695955.0
ES81_Blue-047_Control-lipid_0_1	253.0	372.0	487.0	669.0	837.0	998.0	1192.0	1209.0	1205.0	1483.0	1808.0	2075.0	2199.0	2296.0	2567.0	2615.0	3301.0	3967.0	4620.0	5943.0	7216.0	8129.0	9216.0	13347.0	16522.0	47049.0	139023.0	699422.0	3093317.0	9312805.0	31880524.0
ES81_Blue-047_Control-lipid_0_2	28806.0	26806.0	26681.0	27489.0	22401.0	20516.0	18503.0	19170.0	16516.0	16352.0	14470.0	14902.0	14842.0	13782.0	12283.0	14782.0	13349.0	15250.0	12772.0	14179.0	15798.0	18048.0	29182.0	27032.0	40032.0	102352.0	260143.0	1240927.0	3657564.0	10267740.0	29243997.0
ES82_Blue-047_Control-lipid_14_1	256.0	285.0	422.0	437.0	594.0	673.0	823.0	757.0	851.0	975.0	1214.0	1346.0	1388.0	1580.0	1776.0	1898.0	2209.0	2745.0	3057.0	3881.0	4553.0	5153.0	5707.0	8109.0	10008.0	28530.0	78385.0	435678.0	2083107.0	5700355.0	21551230.0
ES82_Blue-047_Control-lipid_14_2	16866.0	16112.0	16326.0	17153.0	14016.0	13658.0	12599.0	13096.0	11461.0	10893.0	10032.0	10244.0	9897.0	9840.0	9219.0	10651.0	9783.0	11147.0	9362.0	10866.0	12232.0	13981.0	21999.0	21753.0	32087.0	74196.0	174642.0	836261.0	2477410.0	6647457.0	19382743.0
ES83_SEM19-1481_MG-lipid_0_1	278.0	380.0	539.0	653.0	880.0	1018.0	1193.0	1237.0	1240.0	1474.0	1821.0	2245.0	2292.0	2591.0	2617.0	2979.0	3639.0	4406.0	5040.0	6450.0	7510.0	8434.0	9646.0	13856.0	17446.0	49343.0	143315.0	733525.0	3243598.0	9746580.0	32912070.0
ES83_SEM19-1481_MG-lipid_0_2	23770.0	21914.0	21907.0	22232.0	18075.0	17459.0	16155.0	16263.0	13746.0	13972.0	12021.0	12459.0	12690.0	11956.0	10751.0	12788.0	11946.0	13904.0	11817.0	13172.0	15236.0	17192.0	27825.0	26678.0	37157.0	98284.0	285341.0	1281594.0	3789849.0	10726952.0	30313190.0
ES84_LD19-239_MG-lipid_0_1	306.0	448.0	644.0	795.0	1003.0	1203.0	1362.0	1284.0	1444.0	1749.0	2027.0	2271.0	2412.0	2700.0	2925.0	3289.0	3936.0	4915.0	5491.0	6896.0	8373.0	9281.0	10612.0	15031.0	18411.0	51899.0	147313.0	725912.0	3176002.0	9940355.0	32235676.0
ES84_LD19-239_MG-lipid_0_2	22284.0	20949.0	20997.0	20766.0	17423.0	16862.0	15647.0	15795.0	13283.0	13457.0	11880.0	12045.0	12262.0	11662.0	10655.0	12488.0	11417.0	13425.0	11584.0	12902.0	15268.0	16981.0	25919.0	26321.0	39188.0	102959.0	268345.0	1244725.0	3737204.0	10684624.0	29926648.0
ES85_orange-24_Control-protein_0_1	356.0	427.0	597.0	746.0	967.0	1090.0	1300.0	1279.0	1383.0	1623.0	1891.0	2031.0	2117.0	2300.0	2451.0	2776.0	3150.0	3784.0	4256.0	5439.0	6442.0	7137.0	8460.0	12801.0	16370.0	49236.0	141638.0	707411.0	3073840.0	9299247.0	31561910.0
ES85_orange-24_Control-protein_0_2	15439.0	14933.0	15117.0	15831.0	13384.0	12703.0	11953.0	11845.0	10397.0	10623.0	9623.0	9853.0	9999.0	10075.0	8996.0	11129.0	9971.0	11631.0	10271.0	11510.0	13172.0	14725.0	21968.0	22790.0	34845.0	94171.0	240546.0	1180717.0	3634788.0	10154363.0	29277087.0
ES86_orange-24_Control-protein_14_1	281.0	364.0	511.0	587.0	758.0	918.0	1096.0	1074.0	1210.0	1430.0	1565.0	1836.0	1872.0	2010.0	2103.0	2319.0	2772.0	3448.0	3654.0	4580.0	5369.0	6051.0	7211.0	10843.0	12964.0	38246.0	111116.0	557870.0	2435700.0	7404576.0	24855265.0
ES86_orange-24_Control-protein_14_2	14687.0	14143.0	14397.0	15167.0	12781.0	12515.0	11501.0	11560.0	9889.0	9939.0	8804.0	9053.0	8965.0	8882.0	7954.0	9247.0	8434.0	9806.0	8350.0	9525.0	10569.0	11745.0	17449.0	17818.0	27067.0	74992.0	187002.0	921296.0	2832626.0	8004907.0	23158529.0
ES87_orange-24_Control-protein_21_1	313.0	461.0	594.0	693.0	861.0	1077.0	1244.0	1261.0	1413.0	1562.0	1898.0	1988.0	2026.0	2258.0	2472.0	2780.0	3019.0	3793.0	4423.0	5946.0	6341.0	7544.0	8365.0	13070.0	16688.0	49320.0	140086.0	690645.0	2991271.0	9024925.0	30726921.0
ES87_orange-24_Control-protein_21_2	16344.0	16034.0	16127.0	16884.0	14502.0	14122.0	12703.0	12863.0	10983.0	10975.0	10083.0	10230.0	10622.0	10468.0	9402.0	10979.0	9940.0	11915.0	10527.0	11539.0	13202.0	15047.0	23458.0	23311.0	35703.0	94282.0	235704.0	1152568.0	3542668.0	9872950.0	28459123.0
ES88_610_MG-protein_0_1	231.0	364.0	492.0	554.0	840.0	962.0	1167.0	1067.0	1156.0	1390.0	1562.0	1709.0	1685.0	1813.0	2018.0	2065.0	2516.0	2805.0	3140.0	4147.0	4759.0	5541.0	6724.0	11376.0	13784.0	47672.0	148543.0	751195.0	3338842.0	10025424.0	34456158.0
ES88_610_MG-protein_0_2	15358.0	14409.0	14608.0	14989.0	12483.0	12208.0	11454.0	11346.0	10001.0	9937.0	9071.0	9282.0	9203.0	9259.0	8377.0	9873.0	9152.0	10528.0	9203.0	10141.0	11575.0	13142.0	17992.0	19875.0	32060.0	103123.0	245981.0	1247080.0	3914254.0	10884308.0	32131429.0
ES89_Blue-049_Control-protein_0_1	19.0	12.0	22.0	48.0	24.0	20.0	18.0	19.0	21.0	12.0	18.0	44.0	22.0	24.0	29.0	29.0	40.0	48.0	46.0	363.0	80.0	337.0	150.0	355.0	332.0	362.0	684.0	2357.0	7065.0	25439.0	72844.0
ES89_Blue-049_Control-protein_0_2	91.0	85.0	99.0	235.0	343.0	398.0	224.0	353.0	197.0	203.0	306.0	997.0	636.0	682.0	535.0	441.0	245.0	196.0	178.0	129.0	227.0	596.0	153.0	519.0	850.0	666.0	1004.0	2276.0	5709.0	20653.0	71657.0
ES8_SEM19-1354_Control-protein_21_1	325.0	426.0	552.0	633.0	853.0	1064.0	1297.0	1222.0	1340.0	1613.0	1815.0	1768.0	1984.0	2022.0	2149.0	2357.0	2749.0	3266.0	3659.0	4556.0	5398.0	6048.0	7181.0	11100.0	13624.0	45856.0	140122.0	729840.0	3155634.0	9711020.0	31961598.0
ES8_SEM19-1354_Control-protein_21_2	20894.0	20476.0	20754.0	21706.0	17886.0	17072.0	15953.0	16103.0	13742.0	13674.0	11819.0	11996.0	12100.0	11626.0	10339.0	12606.0	11565.0	13517.0	11587.0	12335.0	13938.0	15994.0	25899.0	24039.0	35408.0	95683.0	260343.0	1172639.0	3646355.0	10394492.0	29840531.0
ES90_Blue-049_Control-protein_14_1	313.0	437.0	676.0	831.0	1059.0	1229.0	1549.0	1539.0	1530.0	1929.0	2341.0	2920.0	3021.0	3295.0	3505.0	3769.0	4632.0	5713.0	6418.0	8034.0	9794.0	10807.0	12394.0	17430.0	20545.0	52662.0	146793.0	699622.0	2996292.0	9156239.0	31322831.0
ES90_Blue-049_Control-protein_14_2	29283.0	28640.0	28851.0	30815.0	25298.0	24754.0	22392.0	22899.0	18937.0	18806.0	16629.0	17060.0	16851.0	16265.0	14034.0	16743.0	14906.0	17173.0	14437.0	15597.0	17432.0	19730.0	29289.0	30175.0	44232.0	108260.0	262526.0	1227473.0	3581288.0	10094068.0	28675306.0
ES91_Blue-049_Control-protein_21_1	262.0	429.0	626.0	741.0	943.0	1135.0	1328.0	1316.0	1452.0	1704.0	2262.0	2640.0	2903.0	3085.0	3468.0	3755.0	4779.0	5888.0	6854.0	8574.0	10573.0	11474.0	12894.0	16937.0	20529.0	50430.0	138589.0	669965.0	2890303.0	8834118.0	29698984.0
ES91_Blue-049_Control-protein_21_2	21033.0	20282.0	20388.0	20859.0	17160.0	16524.0	15163.0	15002.0	12639.0	12637.0	11260.0	11378.0	11555.0	10780.0	9761.0	11761.0	10815.0	13022.0	11125.0	12061.0	14157.0	15860.0	25123.0	24695.0	36908.0	95829.0	241247.0	1184075.0	3439077.0	9770584.0	27276180.0
ES92_SEM19-76_MG-lipid_0_1	273.0	445.0	601.0	735.0	965.0	1051.0	1430.0	1332.0	1385.0	1732.0	2153.0	2448.0	2485.0	2756.0	2916.0	3200.0	3880.0	4622.0	5456.0	7088.0	8581.0	9647.0	11313.0	16346.0	19419.0	54340.0	149947.0	775658.0	3333102.0	10291199.0	34699979.0
ES92_SEM19-76_MG-lipid_0_2	30931.0	29679.0	29716.0	31806.0	25418.0	24144.0	21858.0	22291.0	18439.0	18564.0	15979.0	16416.0	16115.0	15726.0	13529.0	16552.0	14628.0	17296.0	14122.0	15496.0	17766.0	19884.0	31906.0	31645.0	44917.0	123896.0	301617.0	1390304.0	4055357.0	11499520.0	31490967.0
ES93_SEM19-76_MG-lipid_14_1	349.0	493.0	712.0	837.0	1121.0	1324.0	1507.0	1494.0	1513.0	1886.0	2283.0	2567.0	2676.0	2937.0	3198.0	3491.0	4216.0	5193.0	5928.0	7722.0	9119.0	10233.0	11527.0	16541.0	19805.0	55437.0	157430.0	756593.0	3289973.0	9932077.0	33500305.0
ES93_SEM19-76_MG-lipid_14_2	20146.0	19484.0	19199.0	19812.0	16265.0	16125.0	15005.0	14353.0	12650.0	12643.0	11296.0	11454.0	11713.0	11921.0	10896.0	12921.0	11830.0	13909.0	12350.0	13603.0	16164.0	18402.0	27665.0	28863.0	41822.0	107000.0	268993.0	1329090.0	3830082.0	10859821.0	30995010.0
ES94_SEM19-76_MG-lipid_21_1	318.0	445.0	625.0	803.0	1037.0	1342.0	1538.0	1509.0	1654.0	1979.0	2384.0	2617.0	2884.0	3204.0	3465.0	4016.0	5075.0	6282.0	7081.0	9220.0	11033.0	12230.0	14165.0	19071.0	23604.0	58253.0	161946.0	802056.0	3358355.0	10631120.0	34140599.0
ES94_SEM19-76_MG-lipid_21_2	28924.0	28056.0	28659.0	29868.0	24394.0	23455.0	21274.0	21958.0	18416.0	18033.0	15814.0	16035.0	15725.0	15204.0	13352.0	15857.0	13920.0	16029.0	13670.0	14557.0	16606.0	18404.0	27827.0	28592.0	41596.0	115208.0	289133.0	1342144.0	4007105.0	11529539.0	31480556.0
ES95_610_MG-protein_14_1	336.0	442.0	639.0	768.0	1048.0	1218.0	1465.0	1404.0	1440.0	1809.0	2115.0	2311.0	2502.0	2715.0	2891.0	3114.0	3721.0	4347.0	5034.0	6216.0	7257.0	8390.0	9760.0	13989.0	17781.0	54413.0	163665.0	793753.0	3438385.0	10279400.0	34972113.0
ES95_610_MG-protein_14_2	20511.0	19890.0	19860.0	20217.0	16775.0	16626.0	15564.0	15363.0	13254.0	13532.0	12109.0	12367.0	12373.0	12360.0	11318.0	13600.0	12747.0	14864.0	13496.0	14492.0	16947.0	19083.0	28487.0	29407.0	44759.0	109049.0	283096.0	1340047.0	3991843.0	11262202.0	32378203.0
ES96_610_MG-protein_21_1	283.0	388.0	558.0	654.0	866.0	947.0	1094.0	1076.0	1114.0	1414.0	1582.0	1819.0	1967.0	2029.0	2133.0	2395.0	2982.0	3573.0	4051.0	5236.0	6224.0	7022.0	8064.0	11119.0	15249.0	52000.0	159817.0	777248.0	3312989.0	10395627.0	33405445.0
ES96_610_MG-protein_21_2	28987.0	28754.0	28781.0	30221.0	24622.0	23772.0	22267.0	22824.0	19206.0	18737.0	16623.0	16859.0	16352.0	16246.0	14009.0	16624.0	14786.0	17052.0	14385.0	15487.0	17338.0	19561.0	29710.0	29633.0	43903.0	110512.0	301276.0	1358263.0	3945170.0	11208533.0	30716472.0
ES97_SEM19-107_MG-protein_0_1	353.0	511.0	773.0	839.0	1105.0	1326.0	1594.0	1582.0	1739.0	2009.0	2595.0	2868.0	3074.0	3438.0	3729.0	4108.0	5160.0	6320.0	7208.0	9271.0	11084.0	12482.0	14029.0	19486.0	23720.0	60910.0	161890.0	772219.0	3247793.0	10299690.0	32827800.0
ES97_SEM19-107_MG-protein_0_2	13059.0	12407.0	12472.0	12770.0	10587.0	10474.0	9973.0	9536.0	8457.0	8315.0	7515.0	7767.0	7869.0	7861.0	7395.0	8474.0	7882.0	9225.0	8601.0	9317.0	11052.0	12056.0	16042.0	19217.0	29840.0	91586.0	248032.0	1234957.0	3770228.0	10927254.0	30960485.0
ES98_SEM19-107_MG-protein_14_1	391.0	564.0	758.0	886.0	1149.0	1305.0	1613.0	1527.0	1709.0	1941.0	2398.0	2606.0	2677.0	2812.0	3031.0	3242.0	3753.0	4546.0	5128.0	6322.0	7415.0	8386.0	10041.0	15156.0	19202.0	63696.0	186510.0	905722.0	3903150.0	12135310.0	38947000.0
ES98_SEM19-107_MG-protein_14_2	15753.0	15198.0	15573.0	16177.0	13789.0	13487.0	12936.0	12921.0	11484.0	11682.0	10669.0	10746.0	10828.0	10793.0	9944.0	11618.0	10617.0	12031.0	11173.0	12223.0	13655.0	15320.0	18992.0	23455.0	35980.0	108288.0	292322.0	1436577.0	4420073.0	12633121.0	37002521.0
ES99_SEM19-107_MG-protein_21_1	339.0	571.0	789.0	1016.0	1258.0	1541.0	1772.0	1805.0	1996.0	2306.0	2668.0	3262.0	3331.0	3829.0	4169.0	4578.0	5645.0	6906.0	7924.0	10106.0	12037.0	13965.0	15592.0	21085.0	25938.0	62766.0	159784.0	752624.0	3179459.0	10050019.0	32228324.0
ES99_SEM19-107_MG-protein_21_2	13397.0	13156.0	13226.0	13570.0	11556.0	11262.0	10484.0	10325.0	8952.0	9084.0	8071.0	8249.0	8550.0	8273.0	7918.0	8922.0	8373.0	9511.0	9184.0	9892.0	11319.0	12830.0	16708.0	20097.0	30675.0	92056.0	242701.0	1209922.0	3658444.0	10603489.0	30487208.0
ES9_172_Control-protein_0_1	337.0	473.0	616.0	738.0	949.0	1307.0	1597.0	1418.0	1579.0	2035.0	2245.0	2308.0	2269.0	2300.0	2451.0	2692.0	3165.0	3789.0	4376.0	5556.0	6271.0	7110.0	8427.0	13773.0	15956.0	48001.0	142444.0	733413.0	3199186.0	9547722.0	31486443.0
ES9_172_Control-protein_0_2	20099.0	19903.0	20014.0	20720.0	16964.0	16593.0	15311.0	15251.0	12926.0	12914.0	11476.0	11373.0	11318.0	10923.0	9616.0	11634.0	10544.0	12421.0	10408.0	11534.0	12663.0	14729.0	23528.0	21916.0	33714.0	100570.0	244695.0	1089075.0	3599467.0	10198179.0	29630468.0
