Sample	NC_066313.1	NC_066314.1	NC_066315.1	NC_066316.1	NC_066317.1	NC_066318.1	NC_066319.1	NC_066320.1	NC_066321.1	NC_066322.1	NC_066323.1	NC_066324.1	NC_066325.1	NC_066326.1	NC_066327.1	NC_066328.1	NC_066329.1	NC_066330.1	NC_066331.1	NC_066332.1	NC_066333.1	NC_066334.1	NC_066335.1	NC_066336.1	NC_066337.1	NC_066338.1	NC_066339.1	NC_066340.1	NC_066341.1	NC_066342.1	NC_066343.1	NW_026108265.1	NW_026108322.1	NW_026108432.1	NW_026108550.1	NW_026108722.1	NC_037521.1
ES100_SEM19-140_Control-lipid_0	18449840	3635718	3764059	2939799	2165515	1545310	3666957	1448822	1004911	1585402	1798070	1845396	1041799	1034542	1584467	18744103	1469379	1007410	911990	1054820	1278823	705134	1566319	1391820	408773	4624949	1185004	1359526	1545440	918168	1311206	540610	180134	1530042	460681	1364018	194548
ES101_SEM19-140_Control-lipid_14	17334084	3422763	3737283	2867027	2142305	1495231	3457368	1403705	988555	1507191	1744914	1779923	1003587	997737	1554444	17657794	1395896	957646	865435	996873	1222198	692759	1571610	1304961	378372	4067861	1110019	1252500	1419175	949730	1343466	558785	176324	1277496	384491	1131975	166417
ES102_SEM19-140_Control-lipid_21	17610562	3865261	3978574	3094551	2302298	1627366	3941166	1517871	1058752	1679985	1921483	1953464	1128968	1098828	1712014	18545371	1588434	1062912	975146	1142726	1387633	812306	1906908	1567405	448487	4719218	1304377	1579580	1740070	1086236	1409724	669427	234053	1218165	382970	1088159	229809
ES103_625_Control-lipid_0	16844060	4205279	4128148	3781456	2582816	1749529	4467858	1755225	1295445	1775418	2159645	2138704	1321682	1255121	1951295	20129628	1757083	1140744	1389109	1271097	1904274	930996	2083268	1914805	507868	6125404	1599923	2104796	1928865	852030	1437735	562085	276760	1421915	446926	1267934	209227
ES104_625_Control-lipid_14	12991507	3370572	3226733	2934019	2038380	1413314	3396066	1337053	969153	1413476	1633424	1700985	1020730	964459	1510456	14574368	1384301	916364	1009370	952523	1411394	716085	1685463	1500545	371076	4611918	1316508	1623094	1669284	708219	1127548	384855	204616	1027704	331011	909346	156727
ES105_625_Control-lipid_21	17731555	4444388	4334545	3965815	2741004	1843991	4760817	1829080	1336436	1891563	2260752	2285770	1397780	1339352	2092124	16864050	1863961	1186176	1424951	1364424	2009257	1018705	2412711	2110034	527925	6414208	1772008	2284254	2123130	985084	1463545	700923	317204	1274469	419039	1125502	250624
ES10_172_Control-protein_14	16509660	3388345	3654148	2901779	2031631	1434622	3284067	1411344	996952	1522115	1715240	1698261	1002574	987556	1564436	18537077	1425649	998330	845395	923953	1252282	680706	1482467	1395544	415743	3632200	1134177	1141663	1458459	845075	1225730	566949	131416	1025942	352443	894644	284704
ES11_172_Control-protein_21	18397119	3829803	4038771	3231773	2259880	1522914	3565779	1520720	1093480	1649921	1914169	1815215	1104309	1101276	1716594	20740813	1541555	1094383	957970	1006715	1405959	739759	1626682	1574352	431132	4166503	1292240	1302481	1650339	942246	1349047	569909	151868	1270327	435312	1097162	293444
ES12_209_MG-lipid_0	20359168	3786380	3877292	3198346	2020217	1389344	3512992	1474167	1146917	1510519	1711552	1671273	1056979	1204004	1590643	21061362	1422156	927111	1290658	956598	1622573	684208	1489212	1535289	380911	4429488	1193582	1462388	1574213	737351	1265974	586063	174217	975578	311924	861746	165679
ES13_209_MG-lipid_14	15892918	3950972	4126315	3712741	2177417	1589835	3826815	1686182	1304781	1603670	1858240	1785866	1262632	1429744	1663815	16772583	1580722	965580	1585747	1080779	1950775	757291	1582704	1693379	421836	5582504	1256227	1860499	1788869	687086	1241441	813504	204577	1383052	437783	1223709	147120
ES14_209_MG-lipid_21	16773363	3082762	3386375	2793892	1745994	1252224	2931610	1275730	974344	1220546	1429196	1411728	878702	1002853	1325048	16800283	1209581	767454	1048254	808268	1281180	539285	1166501	1204103	309934	3721119	928643	1185928	1292497	597797	1082168	459927	152860	982654	300500	873002	143624
ES15_601_Control-protein_14	17206865	3412367	3479377	2817748	2025555	1498103	3423391	1413779	965810	1596438	1774758	1734449	1065849	1060852	1472956	17911783	1587693	1021662	860725	1145395	1230467	719308	1614316	1342206	419640	3897401	1173812	1448609	1641310	787318	1263128	449358	124867	969292	338707	844208	216602
ES16_601_Control-protein_21	19620347	3734756	4035085	3162158	2373685	1684654	3744697	1522090	1113276	1786778	2033975	1947034	1177967	1191784	1683823	19718108	1728560	1182526	944968	1182347	1318139	831497	1883168	1530103	437300	3780977	1343316	1459621	1855924	897767	1406447	340651	138516	838266	295064	728317	186701
ES17_615_Control-protein_0	18807443	3458486	3701035	3119538	1954470	1297842	3362098	1433760	1089191	1349752	1593955	1446947	926436	1188578	1408291	20805903	1362430	903086	1405362	916045	1596622	662056	1507264	1423093	411981	4151250	1200260	1580881	1557497	764264	1206547	553834	189507	1058636	347426	918518	242709
ES18_615_Control-protein_14	13327347	3613739	3576256	3252475	2234028	1539747	3781258	1620558	1300647	1562192	1833104	1668166	1150247	1423348	1576785	15040573	1556072	1067130	1635944	1109721	1864821	780214	1774339	1631232	461082	4624604	1430759	2052417	1868214	753398	1262954	524888	219875	662175	229044	578138	192891
ES19_615_Control-protein_21	15005865	3515733	3538881	2813912	2065372	1453132	3424057	1340942	946579	1514984	1780648	1679019	1027375	975268	1535955	16596753	1557998	993028	936799	1089547	1259438	773923	1815962	1533220	468804	4034615	1210012	1410365	1782596	902731	1299658	561934	184450	729137	243439	630273	214078
ES1_48_Control-lipid_0	18496328	3966001	4012484	3241724	2394714	1681319	4055055	1672719	1163908	1776155	2151348	1970672	1228691	1147212	1831958	18652584	1816868	1175714	1130796	1293995	1583348	888056	1966410	1851477	501724	5170429	1405382	1788064	2101725	774495	1453635	433368	173440	1280804	444718	1116512	142592
ES20_618_Control-lipid_0	20464619	3520626	3571340	2894000	2006474	1456033	3825886	1534712	1008976	1546954	1807972	1696479	1073748	1024443	1594251	20253329	1570085	997674	929743	1042668	1358383	664220	1557978	1470556	413855	4020339	1237376	1472085	1666546	820455	1294619	659930	145215	938689	321888	821089	279045
ES21_618_Control-lipid_14	13698286	2499270	2587760	2117972	1442426	1064031	2732512	1115314	738066	1118430	1297411	1247402	776518	744397	1149313	14981170	1114723	719413	662277	737205	993219	483645	1091846	1048429	291123	2587409	886106	965491	1139122	632310	936655	457174	89097	550445	194671	478148	184323
ES22_618_Control-lipid_21	17752968	3553980	3638009	2954865	2076593	1510238	3782197	1555594	1023667	1597658	1860999	1744207	1099314	1037738	1599456	19353210	1572698	1018641	942181	1036232	1386987	672602	1591376	1487951	404954	3979063	1261744	1434673	1679630	835731	1325370	564591	144873	990627	340643	854449	234926
ES23_Blue-010_Control-lipid_0	15925431	3782277	3818867	3174785	2131337	1606048	3826378	1643717	1109140	1601590	1947977	1741502	1105807	1200137	1641944	16878075	1599195	990023	1244137	1104433	1657032	754173	1794967	1636671	465184	4636032	1316430	1609408	1828984	761033	1266620	609590	192633	995195	328482	863396	193873
ES24_Blue-010_Control-lipid_21	17147144	4004748	3911890	3289015	2252930	1488618	3996733	1551148	1053929	1736577	2017007	1730400	1143112	1142567	1593792	20290122	1652389	1068539	1118315	1131541	1566765	882913	2307867	1789588	450510	4611962	1575534	1886331	2103645	1175487	1348466	611800	273195	1058719	359707	922086	220656
ES25_619_MG-lipid_0	19387617	3444274	3542843	2892884	1865715	1334839	3246747	1430692	1032601	1315246	1600300	1569319	970936	1092910	1439755	20904594	1286757	883134	1057434	892749	1381883	563276	1153648	1302440	340072	3104076	1125983	1132556	1283237	660263	1184798	509520	92547	735973	261384	633434	142427
ES26_619_MG-lipid_14	17068520	3615991	3662209	3037018	2023578	1484553	3475445	1541879	1127594	1432071	1738814	1720416	1051407	1183863	1568476	18361918	1408638	940602	1192004	969424	1568009	652588	1367050	1462852	364002	3629380	1210133	1329483	1463717	644386	1212986	516274	124064	929916	318057	811483	115610
ES27_619_MG-lipid_21	16757271	3820542	3728962	3109814	2103253	1563614	3656321	1624171	1137087	1502051	1851529	1790072	1104971	1184185	1653873	17892210	1506161	997381	1156890	1081777	1531844	681913	1433589	1514894	407744	4010749	1250581	1364269	1554227	684020	1259366	493483	125672	1055689	367897	913937	132575
ES28_Blue-098_Control-lipid_0	17087351	4680653	4520897	3527239	2690593	1996590	4786679	1777169	1229252	2100914	2591436	2269189	1429497	1288902	1940031	16501303	2088754	1374312	1231607	1566948	1719729	1010087	2455806	1990649	626133	5535547	1692333	2195669	2610600	1267963	1590767	466163	276433	1090204	379322	946582	174530
ES29_Blue-098_Control-lipid_14	17151439	4299575	4526095	3477708	2631330	1926413	4517909	1671203	1209106	2038308	2415527	2210167	1351587	1262485	1857267	16480987	1984708	1298616	1197683	1418730	1680522	989132	2296941	1909601	574422	5196718	1626369	1901301	2435090	1255149	1569975	561007	239846	1145099	394080	987924	193679
ES2_48_Control-lipid_14	18515562	3416446	3383909	2748180	1989713	1380721	3387585	1383988	978993	1508223	1842413	1655224	1037755	964030	1559961	18902959	1521818	1013973	951545	1048678	1353012	706630	1570709	1562892	398001	4573789	1220897	1430633	1741690	677257	1218119	360087	142798	1343139	458278	1182071	118371
ES30_Blue-098_Control-lipid_21	11420106	2957859	2986863	2348896	1750568	1267347	3003362	1104863	811501	1329080	1640536	1472582	898729	835287	1258014	11716018	1312551	883520	792480	950109	1101641	657787	1468888	1256746	383748	3252972	1058331	1228735	1605956	856816	1050655	325502	144280	632352	217191	546287	135742
ES31_Blue-055_NA_0	20537506	3923240	3755004	2908620	2123730	1575929	3686681	1523693	1009669	1595032	1946500	1733345	1221108	1008984	1633887	17735316	1600683	1042789	881603	1131269	1270997	655809	1645152	1435402	405744	4180443	1259318	1457852	1790768	984428	1379070	569523	156253	1167528	387736	1038987	257774
ES32_Blue-055_NA_14	17283784	3972001	3782856	3174536	2107677	1478682	3841427	1478834	1077731	1506335	2011505	1800974	1177896	1074869	1616126	16638213	1680040	1035692	980365	1219503	1484493	653068	1721239	1571923	416514	5438970	1380583	1836297	2097433	655757	1320512	692109	170264	1415620	478865	1230278	553597
ES33_101-LS_MG-lipid_0	20862031	3464828	3686197	2828116	2068973	1535867	3779244	1553440	969190	1556510	1937171	1777310	1110240	1022153	1573100	21956552	1621070	1073466	860930	1121201	1283039	683613	1630709	1480921	393933	3794854	1238477	1490662	1732848	810283	1375397	500694	132129	858590	297509	754232	131234
ES34_101-LS_MG-lipid_14	18050961	3582018	3821764	2931969	2160987	1661298	3757836	1591908	1040403	1609694	2031266	1874172	1134096	1028151	1592426	16187058	1597401	1075320	895843	1124568	1296960	680751	1654254	1534736	388985	3928250	1270270	1518529	1784995	692005	1364503	505846	161658	988519	328817	871407	147185
ES35_101-LS_MG-lipid_21	18041775	3363432	3719478	2918063	2156052	1701436	3937470	1660531	1019336	1498179	2100006	1920542	1142545	1019672	1568539	19178885	1580886	1152344	844417	1155467	1227648	633483	1425547	1425257	389281	3631752	1137098	1372023	1535981	832874	1429405	502532	114309	974293	335219	844539	149515
ES36_AR17-21_MG-lipid_0	17676827	3153053	3224180	2622851	1930116	1321359	3352968	1336764	866400	1377227	1673997	1539302	1014640	886920	1324282	16197247	1474095	949540	830167	978438	1167028	668806	1628950	1371216	367821	3868175	1060116	1403011	1605573	705417	1140884	466229	171140	1049956	325854	927930	189790
ES37_AR17-21_MG-lipid_14	17591591	3653465	3911079	3105299	2362172	1613468	3827051	1535129	1037580	1634123	1950402	1890485	1174349	1056542	1574371	17383620	1691982	1124097	963257	1142127	1374283	844544	2071551	1720416	440176	4138126	1261694	1613795	1942556	834768	1357618	486267	209243	863216	300138	748603	169442
ES38_AR17-21_MG-lipid_21	15538073	3417404	3512225	2888283	2141622	1451620	3655852	1476645	962512	1511134	1776873	1709217	1123816	984457	1442819	15451675	1687701	1011029	943673	1134559	1300073	793514	1854604	1570249	439800	4298142	1153911	1659234	1824549	731278	1268742	554134	185112	909201	301571	792295	243891
ES39_LD19-239_MG-lipid_14	13358740	3968976	4099769	3470224	2351769	1686221	3781569	1705959	1327828	1636341	1941382	1808762	1213160	1319938	1818602	14495496	1673738	1062959	1450878	1208599	1814066	801957	1759338	1697765	483085	4589745	1404500	1787498	1844730	728945	1291247	677133	204012	806160	278216	694948	181963
ES3_48_Control-lipid_21	16599984	3317018	3336524	2680249	1960650	1371349	3262748	1370058	948139	1451534	1807967	1605151	1012260	943126	1537470	16238722	1465759	974745	908861	1038279	1274510	676141	1544677	1501390	380022	3865403	1174047	1349552	1672276	674396	1215753	349091	136309	961655	326987	835259	110336
ES40_LD19-239_MG-lipid_21	18781779	4372479	4398830	3576482	2490233	1847380	4177006	1877695	1380529	1710098	2100917	2002002	1308155	1395006	2045451	18649640	1804328	1134291	1423337	1399331	1830434	851188	1942822	1918469	527394	5284270	1515382	1964629	2006882	829852	1419766	718737	229009	1032760	356329	890678	195604
ES41_Blue-013_Control-protein_0	18438682	3847305	4187933	3490329	2343556	1582158	3715925	1666010	1243901	1481827	1921187	1858285	1092534	1291688	1735861	21622391	1598873	975107	1397373	1083933	1739405	773964	1705532	1787767	467632	4329017	1271966	1512663	1671411	658898	1396470	480488	179759	854895	293237	749010	181041
ES42_Blue-013_Control-protein_14	14244282	3695061	3936435	3410783	2334416	1664103	3622374	1685950	1299128	1499006	1974357	1827326	1113301	1309101	1665622	13588847	1570960	989885	1520309	1077844	1794920	820036	1752431	1758968	474381	4787308	1251640	1464728	1640460	653674	1353052	377681	197236	1227691	414176	1074328	109827
ES43_Blue-013_Control-protein_21	16935115	3841279	4214687	3536060	2407817	1634742	3692665	1662579	1299050	1549629	2019027	1877835	1127434	1304049	1699101	17474132	1584727	1011962	1495641	1028568	1772551	810769	1744861	1774392	438487	4112276	1283797	1520633	1722976	640139	1407002	341872	182428	758023	262615	656818	117565
ES44_Blue-015_MG-lipid_0	16660466	4170254	4330790	3559666	2570468	1841610	4140563	1808924	1216640	1736630	2292578	1996624	1239254	1328844	1780808	15457093	1805841	1135445	1305702	1303700	1724516	872899	2153323	1892823	517659	5388696	1394679	1765006	2098174	909584	1467245	577217	217552	1280137	407110	1130647	129289
ES45_Blue-015_MG-lipid_14	19286908	4554555	5097634	4161435	2847359	2062393	4491987	2007789	1409608	1916910	2481335	2207839	1326811	1462031	1943241	17972105	1902381	1221359	1472169	1283510	1897335	876968	2063869	1896509	527416	5751763	1487462	1725726	2183924	901368	1650397	658324	227104	1774875	558999	1560025	130351
ES46_Blue-015_MG-lipid_21	14947195	3994674	4426760	3538155	2516062	1947353	4050795	1901465	1242405	1653800	2267849	1981027	1214650	1335637	1806024	12875590	1719341	1092258	1357254	1310486	1683879	770473	1876112	1700410	509058	4794714	1259140	1615586	1824487	805132	1520596	556029	183443	1045605	343540	911120	103443
ES47_Blue-45_MG-protein_0	13550803	3671395	3696910	3083147	2171173	1638671	3773434	1742002	1125544	1650274	2009669	1834492	1212864	1140410	1705513	12872962	1718286	1041972	1135392	1126479	1597591	817732	2063430	1714128	475774	4751660	1358575	1779422	1857951	702392	1250389	635239	214477	778881	268170	674959	187190
ES48_Blue-45_MG-protein_14	15141803	3795218	3858373	3047220	2249672	1648751	3870668	1666243	1120364	1667584	2011828	1873695	1231138	1137245	1722468	13565723	1720084	1064996	1116001	1171263	1552909	774718	2126897	1822032	463239	4936550	1388317	1883437	2092420	625457	1266725	520009	243657	916711	312867	808519	158341
ES49_Blue-024_Control-protein_0	18871637	3158534	3323931	2615758	1846875	1303496	3219395	1306760	865190	1396763	1640556	1484843	971314	955066	1358026	21536330	1398243	877112	759064	928326	1155643	584751	1460688	1274616	356479	3447637	1153836	1272441	1554910	901783	1233589	424567	152303	803921	274026	701556	259369
ES4_164_Control-protein_0	16433033	3430570	3540523	3182360	2000855	1331478	3207455	1410483	1111947	1338857	1623673	1671759	974090	1206352	1496366	19259927	1323604	847703	1415850	985408	1652269	677811	1561911	1580603	382312	4697050	1149349	1617529	1585187	635902	1066787	550728	232798	1043359	329314	925530	180725
ES50_Blue-024_Control-protein_14	15988935	2949463	3075862	2374854	1747130	1240272	3009600	1223238	808415	1276448	1601858	1443331	921373	865216	1289465	16973578	1312895	809544	684059	889283	1090885	562228	1420734	1230871	332263	3197171	1063691	1210659	1453789	745012	1159694	363015	147764	619874	205647	540379	174651
ES51_Blue-024_Control-protein_21	15677557	2963565	2938381	2229387	1683811	1176541	2855086	1148841	772421	1261837	1514720	1374624	890989	839247	1265315	17040553	1293804	786079	662701	863157	999883	556729	1518010	1222691	324077	3149742	1061652	1229890	1503405	728828	1026410	315897	173184	594050	201679	515379	150382
ES52_SEM19-1481_MG-lipid_14	16123962	3645164	3506693	3116035	2206969	1441778	3754106	1522468	1132991	1468360	1735719	1669818	1081606	1109033	1549807	17785599	1474684	930379	1175198	1013749	1568849	716551	1604721	1529433	413556	4542217	1342308	1675497	1614602	767868	1253070	334673	234363	950510	320800	824996	248968
ES53_SEM19-74_MG-protein_0	17171973	3291860	3329739	2726385	1895428	1407730	3171968	1367225	967854	1473814	1691842	1652137	956231	953775	1448266	16251252	1390482	883988	848698	920404	1234401	614814	1372583	1282589	371582	3394713	1121199	1144215	1385952	677054	1187408	450091	118938	784109	260445	699040	270085
ES54_SEM19-74_MG-protein_14	17686960	3361412	3626599	2837253	1955600	1460529	3332890	1438660	966795	1528185	1723181	1652191	1009479	998746	1501622	17875431	1449471	941218	844219	983905	1222894	623293	1379303	1319976	379369	3215368	1174461	1192247	1417652	783298	1251623	391457	112381	840052	282765	732013	248281
ES55_SEM19-74_MG-protein_21	14152611	3132146	3240589	2543145	1832928	1380297	2985251	1311773	876313	1408854	1635725	1543637	939277	919388	1417575	16295527	1369435	857664	761835	909087	1106361	564122	1231227	1174392	347526	3526308	1029615	1061112	1336651	644514	1157331	338796	103580	1193666	408916	1037906	184118
ES56_Blue-050_Control-lipid_21	20202417	3094650	3269393	2746303	2036302	1449634	3638123	1382286	919806	1464113	1852943	1753503	1166322	882914	1343389	20129904	1588579	1057090	854369	1017312	1160189	854020	1976987	1593406	403416	3949408	1059441	1676658	1767064	875598	1107851	704888	139269	979536	312344	871032	248284
ES57_Blue-031_MG-lipid_0	22987296	3719057	3861438	3170488	2229807	1680726	4085376	1605816	1068138	1687892	2072844	1931935	1191307	1141694	1739458	23266870	1740846	1165460	1021780	1261943	1437033	791742	1771513	1722013	459035	4278877	1317166	1568315	1882959	982970	1400804	585499	161881	1052691	356182	939449	255887
ES58_Blue-032_MG-protein_0	18896983	3846267	3708503	3079793	2214176	1629981	3876275	1673264	1066967	1717505	2013875	1927602	1227313	1143921	1656825	21032257	1758650	1083667	1036985	1230289	1453587	809021	1783303	1674031	484117	4651193	1329499	1612363	1809996	920637	1425813	575027	154118	1383371	466983	1207913	409148
ES59_Blue-032_MG-protein_14	18319816	3712577	3755952	3011379	2221451	1716774	3840839	1667760	1067152	1677520	2013259	1960161	1209236	1123977	1703997	18560258	1722586	1102686	951560	1160943	1378751	744842	1676219	1625790	446198	3647525	1224996	1459381	1702816	921335	1423629	461852	133086	795500	271090	694299	305402
ES5_164_Control-protein_14	13295944	3406459	3351335	3016355	2007549	1405077	3324423	1415708	1073120	1372646	1668617	1649544	1015833	1149516	1498796	15007431	1383201	872756	1364899	1038755	1631710	716703	1686176	1602589	405292	4829054	1214658	1761242	1683423	657558	1051293	580351	239640	961331	320570	847360	182746
ES60_Blue-032_MG-protein_21	15928069	3382295	3406964	2762803	2023275	1487545	3410938	1469942	953931	1511403	1810046	1752050	1065230	1019898	1526438	16198925	1527953	973803	890781	1041632	1240013	714490	1594342	1508082	415265	3286416	1143457	1310481	1543854	872990	1296657	413014	127524	689801	234444	596029	296688
ES61_Blue-035_MG-protein_0	13302397	3314320	3297045	2796526	1889820	1402067	3159101	1467502	988500	1348841	1787505	1581072	974720	994495	1466508	12627578	1374140	861295	1112786	957343	1448320	728792	1718556	1472333	431351	3908311	1169391	1520398	1540219	672920	1071249	484424	209489	775349	266510	671381	139748
ES62_Blue-035_MG-protein_14	15299214	3677420	3623358	3058424	2136110	1509060	3500108	1573060	1101007	1532627	1926659	1771015	1106645	1120137	1621233	14671126	1564366	950782	1294367	1071777	1661920	847209	2009570	1725043	471770	4538960	1320615	1782095	1810369	649685	1160049	439280	259875	857265	281081	749090	121928
ES63_Blue-035_MG-protein_21	13956038	3351289	3265685	2828277	1912473	1422428	3253932	1552315	1008639	1364684	1860570	1605866	1011977	1048635	1523207	12900518	1403591	849008	1186767	1040887	1577311	740796	1796890	1579120	461809	4339221	1226460	1688868	1631096	596629	1034151	513182	245250	713467	240998	628468	148632
ES64_SEM19-1481_MG-lipid_21	17486406	3625643	3389925	3010235	2180180	1429861	3792454	1490841	1105230	1452147	1698858	1696886	1081286	1092835	1536728	18877841	1480206	913339	1180134	1027437	1579389	724121	1655327	1568631	414676	5290597	1341151	1720493	1656223	749243	1195027	356089	252058	1318946	424354	1156108	239966
ES65_106_NA_0	17584282	3570177	3330567	2706971	2030417	1384149	3469242	1370902	923923	1467289	1775645	1652985	1036587	970067	1526749	17913507	1562666	933973	963037	1083716	1307568	733227	1863207	1562061	426124	4310460	1255929	1688535	1846532	911951	1185258	419287	197936	818631	255610	733295	218186
ES66_617_Control-protein_14	18307736	3172812	3377515	2679954	1838541	1364872	3400528	1374534	896205	1373701	1655094	1639459	946035	901491	1538448	18519483	1371411	871724	852753	965079	1161636	608045	1306359	1353591	384499	3725579	1064169	1228108	1310741	648838	1158443	472440	117602	1021763	338641	899379	237761
ES67_Blue-037_MG-protein_0	13144632	3513745	3474951	2983805	2148193	1580161	3808550	1642737	1037231	1492137	1881524	1790021	1073252	1117674	1660437	13822658	1547440	961345	1206935	1092223	1526043	785032	1727338	1621499	475525	4694754	1206267	1636391	1661772	633870	1211088	469237	203692	869460	291862	757005	170030
ES68_Blue-037_MG-protein_14	10820106	3324199	3381480	3091612	2006614	1408578	3343079	1456741	1103950	1404328	1673341	1645168	967194	1178014	1475695	11380931	1389409	904735	1460456	922726	1688731	746374	1585437	1500573	396880	4230202	1135543	1660850	1708909	534701	1067795	358407	227131	745268	241583	650804	100054
ES69_Blue-037_MG-protein_21	11927346	3386238	3366821	2975288	2086566	1527344	3717938	1659831	1082869	1414801	1790340	1695980	1052785	1164280	1657092	12246463	1538296	945207	1402970	1190691	1669313	772147	1542907	1627078	499941	4977730	1163438	1786690	1641034	522528	1136014	483862	177393	818750	265996	708924	200407
ES6_164_Control-protein_21	11634619	3567834	3457857	3195380	2142639	1465201	3433395	1499657	1134880	1441656	1751180	1683994	1063045	1201392	1543884	12189265	1443046	901994	1532709	1088861	1788184	794430	1837584	1671419	433288	4789444	1257252	1836131	1736229	669745	1100694	589387	264147	798068	259381	694855	190795
ES70_Blue-039_Control-lipid_0	20938184	4260986	4137054	3397971	2409949	1853089	4404848	1788926	1239415	1839521	2187928	2223687	1352063	1289716	1941949	20966655	1991483	1183946	1134534	1442976	1562858	860996	1946509	1907508	537048	5185596	1528563	1869209	2220405	953265	1498611	709253	213918	1262005	432886	1099726	304626
ES71_Blue-039_Control-lipid_14	15248020	2993925	3094417	2513509	1761586	1330415	3089890	1287034	907766	1316535	1602222	1592798	946047	918633	1381801	15107008	1370389	849269	808851	961456	1108433	606962	1336478	1327018	378804	3276726	1057891	1190695	1441279	708995	1128508	450239	130529	790652	271566	682863	208035
ES72_Blue-039_Control-lipid_21	17054449	3213891	3343477	2638289	1888099	1436909	3294828	1371781	958492	1416499	1718582	1728950	1029284	994135	1522477	17940407	1489100	936246	850997	1063089	1162936	647969	1464320	1433506	400238	3524319	1147193	1317180	1634278	749272	1204351	396113	144281	844888	290250	732658	183621
ES73_Blue-042_MG-protein_0	21749052	4013300	4152058	3132536	2390511	1717995	4096305	1696360	1095951	1771253	2172846	2055713	1277065	1120431	1841487	21568226	1830054	1219614	1007841	1246629	1432563	870959	2103957	1733071	477065	4867170	1390073	1759185	2028609	910860	1472819	438723	191598	1242586	398026	1114083	190595
ES74_Blue-042_MG-protein_14	19375022	3860187	4111291	3130249	2378799	1837949	4131222	1798550	1097429	1743966	2238444	2087525	1302053	1131173	1807917	19380200	1830748	1231432	969749	1272265	1386338	812457	1883234	1626882	475071	4336575	1299833	1678152	1881313	853577	1514666	411220	160568	995714	323081	889092	174985
ES75_Blue-042_MG-protein_21	20251367	3545946	3878380	2898314	2210026	1590204	3806292	1541854	1012014	1596862	2040873	1900552	1165492	1013205	1659677	20727276	1653174	1134160	917818	1127446	1310664	731260	1764872	1590866	427335	3933163	1255528	1500370	1816718	744536	1337802	405762	156465	896377	287273	808975	173720
ES76_Blue-043_MG-lipid_0	14384930	3446747	3371836	2828701	1983785	1395393	3505945	1482125	1015867	1395497	1698335	1623692	1008442	1030046	1450216	15466628	1423947	869222	1058671	1032981	1465791	734610	1854814	1588302	462025	4138304	1211210	1528075	1699529	632525	1084601	431480	206124	740239	241658	649454	106007
ES77_Blue-043_MG-lipid_14	13258532	4136904	4022062	3467509	2475315	1800407	4264341	1824893	1296806	1733690	2088871	2003088	1267894	1325039	1768211	13434711	1805519	1072777	1399896	1233220	1927653	886305	2203756	1932380	543507	5489297	1500505	1989328	2175266	627915	1254292	430914	253244	1070438	359408	942712	110817
ES78_Blue-043_MG-lipid_21	14989042	4442077	4337813	3734978	2593536	1886622	4664253	2046788	1378682	1889222	2250614	2171800	1377469	1414744	1929374	14827450	1935867	1173211	1435943	1428844	2038916	944209	2271980	2071722	615697	5913019	1609339	2039117	2229511	713977	1423282	599872	235572	1084367	367780	947318	228168
ES79_Blue-050_Control-lipid_0	14963682	2735826	2925022	2503101	1851503	1344395	3184064	1292387	843336	1317061	1676266	1567195	1046357	814973	1166247	14942386	1399823	924419	778227	881934	1063509	742938	1659131	1313552	350514	3205878	925337	1327404	1437757	736718	1023877	534236	108088	797823	252445	703855	189375
ES7_SEM19-1354_Control-protein_14	17540322	3570607	3630976	2998342	1970433	1443376	3402321	1527438	1103325	1402591	1747686	1576037	1006202	1102353	1651120	17377710	1445026	895975	1084341	975210	1373711	662386	1515380	1408462	417031	3819380	1128320	1283913	1417707	754216	1244386	529477	153761	1027565	359722	891240	147529
ES80_Blue-050_Control-lipid_14	19449090	2709689	3067462	2557753	1862483	1374297	3194173	1282141	871702	1273501	1649439	1595219	1069859	806514	1171521	17171493	1351342	926873	711790	840767	993692	649086	1441660	1200315	314163	3216361	824647	1232188	1333595	755892	1109240	586656	89273	974077	300542	856744	213333
ES81_Blue-047_Control-lipid_0	18864661	3285911	3357338	2665081	1950833	1438935	3464385	1469544	964343	1465857	1791386	1740044	1072976	982166	1511332	18846099	1539566	1046611	874355	1084555	1270448	699881	1591063	1475518	396078	4137923	1203680	1441201	1636178	730436	1223277	438638	131620	860178	273762	774467	156007
ES82_Blue-047_Control-lipid_14	13525300	1979570	1805834	1428221	1099903	812322	2107488	799595	530973	847941	987804	989008	637557	558110	858052	12403541	939645	644530	518552	692065	771015	449693	1126879	975932	243656	2962459	765842	1030144	1119356	378688	619237	212290	103583	585221	176394	518388	68292
ES83_SEM19-1481_MG-lipid_0	17965482	3703999	3398639	3093759	2215332	1408742	3851921	1486631	1122296	1477548	1684145	1676008	1091043	1128114	1529940	19437791	1484101	970174	1265388	1025190	1634095	733466	1696370	1573117	408542	4750131	1423203	1837569	1693676	793233	1212833	324983	273912	907292	293922	802410	288696
ES84_LD19-239_MG-lipid_0	16436575	3772591	3898697	3198547	2173518	1545329	3520342	1591112	1208861	1504108	1782731	1730267	1131831	1226865	1725828	18472519	1561235	999982	1257034	1155784	1632939	737882	1689962	1654097	439651	4487465	1307059	1621924	1724457	726775	1224094	670645	205065	905608	303188	797043	164145
ES85_orange-24_Control-protein_0	16572730	3445449	3334557	2850112	2013696	1497363	3670106	1533629	955169	1515288	1853771	1622408	1092816	1032121	1531117	15449681	1629229	1027502	977061	1160860	1361191	718008	1806272	1534660	440970	4951401	1358302	1735508	1805708	649018	1171041	586434	223703	994840	337363	876640	337054
ES86_orange-24_Control-protein_14	12969070	2711591	2660403	2239600	1586095	1142191	2847897	1162010	717774	1205842	1413115	1256522	856354	794092	1159379	12827751	1265186	817888	731943	890414	1038631	558634	1433194	1168059	331197	3975466	1081181	1343681	1448132	527132	923285	462606	179676	978925	323599	860809	261339
ES87_orange-24_Control-protein_21	16182358	3362948	3254840	2712883	1888341	1417742	3568000	1461860	866106	1488376	1789121	1517244	1064904	976048	1436883	15361631	1557547	1048643	897508	1093962	1255983	656616	1750568	1408352	407618	4629839	1339371	1738973	1802378	670695	1123483	487944	223390	1079069	371305	942596	343148
ES88_610_MG-protein_0	18820590	4056304	3915234	3161183	2308259	1635418	3869579	1517431	1070838	1688467	2006810	1883051	1177448	1098604	1697892	16812365	1800620	1116673	1072642	1210251	1424098	831639	1900262	1739205	515265	5060066	1375495	1667119	2071593	945364	1401493	741860	226916	1116486	332044	1019590	291891
ES89_Blue-049_Control-protein_0	7168	421	2101	1404	656	84	1068	155	190	146	88	96	158	202	96	1540	183	29	96	34	78	26	50	44	135	1144	82	66	44	39	470	4	0	6	2	8	14
ES8_SEM19-1354_Control-protein_21	16542742	3888546	3830064	3280395	2174334	1590924	3732638	1669163	1190290	1560591	1917072	1693233	1122872	1198972	1768383	16606162	1610821	982934	1279197	1079651	1592490	764516	1809975	1608401	466544	4508338	1303452	1545156	1670306	826409	1291893	549246	201458	1105598	386541	967725	145956
ES90_Blue-049_Control-protein_14	17741794	3368756	3215436	2605806	1930653	1433355	3391165	1384735	921302	1468441	1674263	1645479	1009733	908676	1477049	18616813	1527064	898860	803633	1029752	1151412	671771	1625976	1479345	410599	4192598	1203531	1464891	1694199	651992	1208110	337290	170244	1141259	361119	1026112	185955
ES91_Blue-049_Control-protein_21	17213945	3212423	3206264	2610132	1892209	1363056	3222182	1324407	899221	1426289	1636746	1573131	962277	884272	1397971	18915037	1444779	879991	807286	964280	1130641	665154	1546691	1428202	387049	3490670	1156337	1317686	1608066	664982	1172137	370564	152035	850582	288139	746804	187445
ES92_SEM19-76_MG-lipid_0	21755198	3642726	3762324	3116204	2167394	1453628	3497312	1524147	1104877	1529632	1713991	1836578	1030836	1040639	1651491	22390959	1464323	983207	936794	969188	1372320	645376	1546931	1431969	361785	4470572	1298429	1382544	1584122	714306	1335772	585590	186147	1454905	431332	1311338	205484
ES93_SEM19-76_MG-lipid_14	15642996	3953127	3676327	3182216	2304060	1551846	3864513	1548028	1108015	1665731	1970155	1846109	1161368	1087054	1682592	18126988	1681414	1068149	1120213	1110783	1609352	825071	2279798	1817526	419050	4821635	1591702	2091416	2129184	693959	1228914	539852	306260	1061439	349583	937957	169423
ES94_SEM19-76_MG-lipid_21	20187080	3764583	4062874	3320495	2358034	1633171	3735603	1587148	1186695	1564371	1963428	1980607	1098763	1112919	1773307	21311886	1512979	1044365	984738	1007765	1387072	692373	1757233	1506573	364304	4289110	1311497	1516760	1635256	766435	1480729	572839	205891	1339804	433150	1176823	165473
ES95_610_MG-protein_14	15628825	4286814	4110943	3242187	2543076	1825167	4075552	1595552	1122688	1827344	2241004	2112679	1273751	1155027	1825010	16055417	1918478	1229693	1119702	1315242	1536102	966109	2452667	2000843	572288	5423672	1516694	1775098	2303874	1028827	1437008	607484	278887	1041087	340279	932462	203712
ES96_610_MG-protein_21	14596720	3988849	4127449	3535890	2516194	1731277	4065092	1709772	1371558	1753163	2126007	1965996	1250859	1417322	1755213	16086234	1791526	1214729	1709954	1190611	2034367	985487	2360224	1915221	534091	4790140	1474575	1817458	2101044	1006176	1418919	608577	243198	766079	261836	671492	187773
ES97_SEM19-107_MG-protein_0	15773858	4066254	4033026	3501264	2336565	1648598	3901012	1756316	1317193	1653629	2026207	1911498	1176564	1246503	1777939	19267711	1696898	1118240	1590478	1131971	1999121	855361	1884120	1848859	496113	5189358	1477455	1758578	1846332	831734	1339862	485371	239460	1331740	428714	1169057	173550
ES98_SEM19-107_MG-protein_14	15390166	4973016	4970877	4282655	2807043	2067707	5006058	2232110	1721696	2122305	2484566	2236341	1496630	1603742	2186354	16473810	2191688	1327665	2268013	1509389	2609829	1078928	2392524	2412810	665940	6564966	1947007	2772317	2645608	962602	1519519	620615	387047	1318402	422096	1167329	176304
ES99_SEM19-107_MG-protein_21	14980239	3813845	3779196	3244994	2212333	1541968	3812549	1690365	1252014	1591000	1906422	1778672	1123310	1195826	1710809	20735831	1619221	1043754	1549222	1162437	1919819	851384	1841079	1828802	501388	5231336	1497717	1857448	1808888	776501	1279973	480926	242334	1178502	367233	1049809	183184
ES9_172_Control-protein_0	17355281	3613259	3767172	3071753	2135343	1510223	3450447	1513380	1066253	1626112	1820773	1736150	1069695	1071671	1653140	17977714	1511479	1044738	970466	978603	1408322	742688	1610036	1505158	425791	4938009	1251467	1333868	1615890	859207	1284141	522351	143487	1853094	645619	1607115	316136
