Sample	Unalignable	Alignable	Filtered	Total	alignable_percent	Unique	Multi	Uncertain
ES100_SEM19-140_Control-lipid_0	4453931	33240626	0	37694557	88.18415348401626	33076587	164039	10298239
ES101_SEM19-140_Control-lipid_14	4676652	30565849	0	35242501	86.73007911668925	30421170	144679	9856727
ES102_SEM19-140_Control-lipid_21	5721726	33935135	0	39656861	85.57191402516705	33755585	179550	11121231
ES103_625_Control-lipid_0	5191878	36948542	0	42140420	87.67957699519843	36727558	220984	13329327
ES104_625_Control-lipid_14	5125414	28865126	0	33990540	84.9210574471603	28699544	165582	10296365
ES105_625_Control-lipid_21	4635038	40081979	0	44717017	89.6347334617602	39855096	226883	14340104
ES10_172_Control-protein_14	4436057	31073877	0	35509934	87.50756056037727	30901198	172679	9780870
ES11_172_Control-protein_21	5615595	34639046	0	40254641	86.04981969656616	34449350	189696	10837847
ES12_209_MG-lipid_0	4757390	36179941	0	40937331	88.3788466815289	36007766	172175	10568824
ES13_209_MG-lipid_14	5154200	34970494	0	40124694	87.15454378293825	34760748	209746	11903065
ES14_209_MG-lipid_21	4225181	29345223	0	33570404	87.4139703531718	29209142	136081	8749218
ES15_601_Control-protein_14	5189763	32238396	0	37428159	86.13406820249962	32074682	163714	9674074
ES16_601_Control-protein_21	5027527	36328960	0	41356487	87.84343795932183	36139465	189495	11195692
ES17_615_Control-protein_0	4744346	34097891	0	38842237	87.78560050493486	33930277	167614	9984429
ES18_615_Control-protein_14	5313305	30979047	0	36292352	85.35971159984341	30778619	200428	11511599
ES19_615_Control-protein_21	5654061	30500473	0	36154534	84.361405404921	30332976	167497	10028407
ES1_48_Control-lipid_0	5859868	36574763	0	42434631	86.1908354994297	36365699	209064	11859318
ES20_618_Control-lipid_0	4699118	35615830	0	40314948	88.3439809968253	35447050	168780	9994107
ES21_618_Control-lipid_14	3252717	24949703	0	28202420	88.46653230467456	24819599	130104	7290416
ES22_618_Control-lipid_21	5354027	33030859	0	38384886	86.05173140282349	32866781	164078	10073622
ES23_Blue-010_Control-lipid_0	4758139	33575641	0	38333780	87.58760810960985	33389688	185953	11097892
ES24_Blue-010_Control-lipid_21	5238724	36673881	0	41912605	87.50083894809211	36484897	188984	11829021
ES25_619_MG-lipid_0	4031146	33035690	0	37066836	89.12465579743575	32882804	152886	9094367
ES26_619_MG-lipid_14	4737885	31814783	0	36552668	87.03819650045791	31650259	164524	9991464
ES27_619_MG-lipid_21	4536303	32743547	0	37279850	87.8317562973027	32572807	170740	10328531
ES28_Blue-098_Control-lipid_0	6576841	38325001	0	44901842	85.35284810810211	38117430	207571	13176431
ES29_Blue-098_Control-lipid_14	5595143	38055155	0	43650298	87.1818904878954	37850681	204474	12948624
ES2_48_Control-lipid_14	4938567	33108732	0	38047299	87.01992748552269	32937651	171081	9980818
ES30_Blue-098_Control-lipid_21	4667484	24547863	0	29215347	84.02386252677402	24424251	123612	8376771
ES31_Blue-055_NA_0	3410224	35524428	0	38934652	91.24115967442062	35355136	169292	10169599
ES32_Blue-055_NA_14	5440281	34860608	0	40300889	86.50084120973112	34681725	178883	10332616
ES33_101-LS_MG-lipid_0	4325008	35723574	0	40048582	89.2005964156234	35557866	165708	9894108
ES34_101-LS_MG-lipid_14	4110456	33591497	0	37701953	89.09749847706829	33420899	170598	10358453
ES35_101-LS_MG-lipid_21	4510325	32874884	0	37385209	87.93553621701031	32706685	168199	10130373
ES36_AR17-21_MG-lipid_0	4596204	31050143	0	35646347	87.10610094212458	30906278	143865	9244544
ES37_AR17-21_MG-lipid_14	5567546	34652070	0	40219616	86.15713785034646	34468393	183677	11260066
ES38_AR17-21_MG-lipid_21	5265691	31310743	0	36576434	85.60359656712298	31146419	164324	10288801
ES39_LD19-239_MG-lipid_14	5269041	32502167	0	37771208	86.05011256192813	32298755	203412	11990344
ES3_48_Control-lipid_21	4676800	30728217	0	35405017	86.79057264680878	30567381	160836	9667857
ES40_LD19-239_MG-lipid_21	5798782	38174234	0	43973016	86.81286268833595	37960764	213470	12532340
ES41_Blue-013_Control-protein_0	5666017	35095288	0	40761305	86.09952012085972	34895399	199889	11201423
ES42_Blue-013_Control-protein_14	4635683	30767718	0	35403401	86.90610825779139	30572461	195257	11385822
ES43_Blue-013_Control-protein_21	4819972	34194601	0	39014573	87.64571382083305	33989365	205236	11771486
ES44_Blue-015_MG-lipid_0	5037804	35714860	0	40752664	87.63809894734734	35524613	190247	12599523
ES45_Blue-015_MG-lipid_14	4261012	41216887	0	45477899	90.6305873980678	41000305	216582	13893625
ES46_Blue-015_MG-lipid_21	4986250	32445501	0	37431751	86.67908963168728	32255395	190106	11880929
ES47_Blue-45_MG-protein_0	4198811	31273755	0	35472566	88.16321604701504	31070473	203282	11553232
ES48_Blue-45_MG-protein_14	4848247	33084481	0	37932728	87.21882855353826	32878748	205733	11512160
ES49_Blue-024_Control-protein_0	5162796	31797766	0	36960562	86.03160850205687	31648586	149180	8714490
ES4_164_Control-protein_0	5286142	32296964	0	37583106	85.93479208450732	32126839	170125	10257079
ES50_Blue-024_Control-protein_14	5020116	27881288	0	32901404	84.74193988803638	27746571	134717	8208710
ES51_Blue-024_Control-protein_21	4643610	27318291	0	31961901	85.47142111478287	27182856	135435	7972913
ES52_SEM19-1481_MG-lipid_14	5192316	32530683	0	37722999	86.23567548274728	32352570	178113	10718032
ES53_SEM19-74_MG-protein_0	3970268	30458268	0	34428536	88.4680893779509	30299120	159148	9346877
ES54_SEM19-74_MG-protein_14	4259919	31530897	0	35790816	88.09773155213895	31370791	160106	9508079
ES55_SEM19-74_MG-protein_21	4529218	27137102	0	31666320	85.69704973612343	26983533	153569	8627075
ES56_Blue-050_Control-lipid_21	6485320	32602205	0	39087525	83.40821016424039	32471755	130450	9700046
ES57_Blue-031_MG-lipid_0	4799361	39311067	0	44110428	89.119668029519	39119349	191718	10912340
ES58_Blue-032_MG-protein_0	6565318	35069877	0	41635195	84.23132640546058	34892469	177408	10695875
ES59_Blue-032_MG-protein_14	5437116	34021296	0	39458412	86.22064162136074	33843373	177923	10545735
ES5_164_Control-protein_14	4917685	30267391	0	35185076	86.0233782072831	30084685	182706	10437210
ES60_Blue-032_MG-protein_21	5228582	30132071	0	35360653	85.21355926317311	29974971	157100	9596298
ES61_Blue-035_MG-protein_0	4039030	28222876	0	32261906	87.48049789742738	28059039	163837	9904328
ES62_Blue-035_MG-protein_14	5428771	31439146	0	36867917	85.2750807700907	31264395	174751	11105501
ES63_Blue-035_MG-protein_21	4948905	28741224	0	33690129	85.31051929186737	28572615	168609	10062499
ES64_SEM19-1481_MG-lipid_21	4972959	33776389	0	38749348	87.16634148270056	33596893	179496	10564514
ES65_106_NA_0	5669165	32305289	0	37974454	85.07110859316107	32144567	160722	10118986
ES66_617_Control-protein_14	4982527	30801365	0	35783892	86.0760618213357	30647754	153611	8914943
ES67_Blue-037_MG-protein_0	6137256	29060112	0	35197368	82.56330984748632	28884657	175455	10717771
ES68_Blue-037_MG-protein_14	5119106	26622340	0	31741446	83.87248646454228	26449181	173159	10476118
ES69_Blue-037_MG-protein_21	5790681	27982748	0	33773429	82.85432906442517	27810037	172711	10529248
ES6_164_Control-protein_21	5113031	28951793	0	34064824	84.99029086426513	28775817	175976	11020155
ES70_Blue-039_Control-lipid_0	6348624	39233239	0	45581863	86.07203922314453	39035091	198148	12079173
ES71_Blue-039_Control-lipid_14	4560833	27841654	0	32402487	85.92443536818641	27698985	142669	8633203
ES72_Blue-039_Control-lipid_21	5734546	30256103	0	35990649	84.06656684629388	30102155	153948	9139582
ES73_Blue-042_MG-protein_0	6189606	38054817	0	44244423	86.01042667004609	37862921	191896	11486699
ES74_Blue-042_MG-protein_14	6091868	34636848	0	40728716	85.04281843797875	34449123	187725	11167468
ES75_Blue-042_MG-protein_21	5277747	34775972	0	40053719	86.82332844048763	34597528	178444	10593113
ES76_Blue-043_MG-lipid_0	4896592	29027428	0	33924020	85.5660030857192	28866232	161196	9860897
ES77_Blue-043_MG-lipid_14	5214555	32814278	0	38028833	86.28789108516688	32605457	208821	12473072
ES78_Blue-043_MG-lipid_21	5699620	35497940	0	41197560	86.16515152839149	35280010	217930	13180262
ES79_Blue-050_Control-lipid_0	5539573	25921206	0	31460779	82.39213021394035	25805468	115738	8617107
ES7_SEM19-1354_Control-protein_14	4086318	31739050	0	35825368	88.5937863918104	31566968	172082	9710685
ES80_Blue-050_Control-lipid_14	5387977	28050843	0	33438820	83.88706000989269	27951418	99425	8209492
ES81_Blue-047_Control-lipid_0	5039756	32001837	0	37041593	86.39433244677139	31842352	159485	9615150
ES82_Blue-047_Control-lipid_14	3735170	21784823	0	25519993	85.3637499038499	21706657	78166	5649006
ES83_SEM19-1481_MG-lipid_0	5026176	34097483	0	39123659	87.15310344566699	33916478	181005	10799939
ES84_LD19-239_MG-lipid_0	5544669	32976083	0	38520752	85.60602087934316	32801225	174858	10948603
ES85_orange-24_Control-protein_0	5228202	32314055	0	37542257	86.0738207614955	32144800	169255	10379254
ES86_orange-24_Control-protein_14	4342733	25531716	0	29874449	85.46338712389307	25401532	130184	8035109
ES87_orange-24_Control-protein_21	5251671	31446785	0	36698456	85.68966770700108	31282595	164190	9804120
ES88_610_MG-protein_0	4846091	35706677	0	40552768	88.04991314033114	35525252	181425	11419223
ES89_Blue-049_Control-protein_0	106290	790	0	107080	0.7377661561449383	788	2	148
ES8_SEM19-1354_Control-protein_21	4681695	32838044	0	37519739	87.52204806115522	32640970	197074	10946771
ES90_Blue-049_Control-protein_14	5814822	30834860	0	36649682	84.13404514669459	30679823	155037	9206761
ES91_Blue-049_Control-protein_21	5237785	30222230	0	35460015	85.22903896120744	30075548	146682	9035708
ES92_SEM19-76_MG-lipid_0	5317456	36203473	0	41520929	87.19331159473816	36044119	159354	10313311
ES93_SEM19-76_MG-lipid_14	5813062	34351385	0	40164447	85.52684666615727	34159135	192250	11838635
ES94_SEM19-76_MG-lipid_21	5667143	35475656	0	41142799	86.22567463142214	35307521	168135	10960291
ES95_610_MG-protein_14	6081469	35114803	0	41196272	85.23781715005669	34904762	210041	12482280
ES96_610_MG-protein_21	5022158	34573837	0	39595995	87.31650006522125	34347707	226130	13252301
ES97_SEM19-107_MG-protein_0	5264334	33865614	0	39129948	86.5465346388909	33659951	205663	12236051
ES98_SEM19-107_MG-protein_14	6394159	39322101	0	45716260	86.01338123459793	39056725	265376	15193238
ES99_SEM19-107_MG-protein_21	5825093	32385010	0	38210103	84.75509736260068	32192110	192900	11628315
ES9_172_Control-protein_0	4373322	33714608	0	38087930	88.51782703864453	33517591	197017	10507376
