Sample	Samtools_mqc-generalstats-samtools-flagstat_total	Samtools_mqc-generalstats-samtools-mapped_passed	Biotype Counts_mqc-generalstats-biotype_counts-percent_rRNA	DupRadar_mqc-generalstats-dupradar-dupRadar_intercept	QualiMap_mqc-generalstats-qualimap-5_3_bias	QualiMap_mqc-generalstats-qualimap-reads_aligned	Rsem_mqc-generalstats-rsem-alignable_percent	RSeQC_mqc-generalstats-rseqc-proper_pairs_percent	Salmon_mqc-generalstats-salmon-percent_mapped	Salmon_mqc-generalstats-salmon-num_mapped	Samtools_mqc-generalstats-samtools-error_rate	Samtools_mqc-generalstats-samtools-non_primary_alignments	Samtools_mqc-generalstats-samtools-reads_mapped	Samtools_mqc-generalstats-samtools-reads_mapped_percent	Samtools_mqc-generalstats-samtools-reads_properly_paired_percent	Samtools_mqc-generalstats-samtools-reads_MQ0_percent	Samtools_mqc-generalstats-samtools-raw_total_sequences	FastQC (raw)_mqc-generalstats-fastqc_raw-percent_duplicates	FastQC (raw)_mqc-generalstats-fastqc_raw-percent_gc	FastQC (raw)_mqc-generalstats-fastqc_raw-avg_sequence_length	FastQC (raw)_mqc-generalstats-fastqc_raw-percent_fails	FastQC (raw)_mqc-generalstats-fastqc_raw-total_sequences	Cutadapt_mqc-generalstats-cutadapt-percent_trimmed	FastQC (trimmed)_mqc-generalstats-fastqc_trimmed-percent_duplicates	FastQC (trimmed)_mqc-generalstats-fastqc_trimmed-percent_gc	FastQC (trimmed)_mqc-generalstats-fastqc_trimmed-avg_sequence_length	FastQC (trimmed)_mqc-generalstats-fastqc_trimmed-percent_fails	FastQC (trimmed)_mqc-generalstats-fastqc_trimmed-total_sequences
ES100_SEM19-140_Control-lipid_0	100805572	91843034	0.6606565077475616	2.90070146547707e-12	1.35	40627251.0	88.18415348401626	76.2355279329202	83.33586790351919	37614359	0.001857369	10533856.0	81309178.0	90.07159894911048	90.0110306975886	0.5980588648608386	90271716.0											
ES100_SEM19-140_Control-lipid_0_1																		82.86955564044877	52.0	50.0	36.36363636363637	45410205.0	0.9060012831917408	82.47369879284419	53.0	49.55746829937297	36.36363636363637	45135858.0
ES100_SEM19-140_Control-lipid_0_2																		80.062698954748	56.0	50.0	18.181818181818183	45410205.0	1.6708087091877255	80.40888439383978	57.0	49.389025860547505	27.27272727272727	45135858.0
ES101_SEM19-140_Control-lipid_14	96222658	86839006	0.5692666111484205	2.90070146547673e-12	1.39	38098572.0	86.73007911668925	75.04155206354828	81.51988951344933	34895055	0.001797751	10611514.0	76227492.0	89.03921667020359	89.00376801412676	0.7699815341797092	85611144.0											
ES101_SEM19-140_Control-lipid_14_1																		81.03979102260567	51.0	50.0	36.36363636363637	42988673.0	0.9149509685958438	80.68382474063978	51.0	49.55048681512771	36.36363636363637	42805572.0
ES101_SEM19-140_Control-lipid_14_2																		78.68793387639406	55.0	50.0	27.27272727272727	42988673.0	1.507534182318212	78.87717824107578	55.0	49.40489235840605	36.36363636363637	42805572.0
ES102_SEM19-140_Control-lipid_21	105805540	94274548	0.5534280291558369	2.90070146547671e-12	1.38	41964756.0	85.57191402516705	75.33002903250625	81.19755753451112	38791339	0.001876352	10257496.0	84017052.0	87.931734112736	87.84011528273672	0.6005041819589735	95548044.0											
ES102_SEM19-140_Control-lipid_21_1																		81.08893632073712	52.0	50.0	36.36363636363637	48174120.0	0.9260080723840933	80.67431137754609	52.0	49.55619602218126	36.36363636363637	47774022.0
ES102_SEM19-140_Control-lipid_21_2																		77.15351125927437	56.0	50.0	18.181818181818183	48174120.0	1.976012971280015	77.68792483695498	56.0	49.319027755293455	27.27272727272727	47774022.0
ES103_625_Control-lipid_0	113890487	103477030	0.6177842549773975	2.90070146547675e-12	1.35	45581039.0	87.67957699519843	75.64405445030717	82.09782810799238	41707846	0.002386701	12285251.0	91191779.0	89.75106263224465	89.7218308709996	0.6978518311792514	101605236.0											
ES103_625_Control-lipid_0_1																		79.34663040971482	52.0	50.0	36.36363636363637	50992615.0	0.9351352543892876	78.98467219096624	52.0	49.554750564232734	36.36363636363637	50802618.0
ES103_625_Control-lipid_0_2																		77.89854124569104	55.0	50.0	18.181818181818183	50992615.0	1.4130562239257587	77.95767202094044	56.0	49.42913827787379	27.27272727272727	50802618.0
ES104_625_Control-lipid_14	89481290	79137198	0.6171215630447466	2.90070146547694e-12	1.38	35315325.0	84.9210574471603	74.84692721796925	81.8085817973616	33160293	0.002327042	8413284.0	70723914.0	87.24022890115245	87.12518474920921	0.5563600515843451	81068006.0											
ES104_625_Control-lipid_14_1																		77.8911520325587	52.0	50.0	36.36363636363637	41077281.0	1.1344418341613214	77.37343258442155	52.0	49.559091610073644	36.36363636363637	40534003.0
ES104_625_Control-lipid_14_2																		73.10286756781036	56.0	50.0	18.181818181818183	41077281.0	2.3852645456255974	73.97273599343842	56.0	49.274005801992956	27.27272727272727	40534003.0
ES105_625_Control-lipid_21	114369248	105069269	0.5790008247968756	2.90070146547677e-12	1.39	48558988.0	89.6347334617602	80.95635987743837	82.71330927109872	44023273	0.002284258	7921390.0	97147879.0	91.26334792006806	91.23525623221089	0.19326551408859724	106447858.0											
ES105_625_Control-lipid_21_1																		79.63201210409436	54.0	50.0	27.27272727272727	53394179.0	0.8769752972510356	79.24680346467105	54.0	49.567619425465566	27.27272727272727	53223929.0
ES105_625_Control-lipid_21_2																		77.95983131340668	56.0	50.0	18.181818181818183	53394179.0	1.376937437318776	78.0245086288378	57.0	49.4297419869172	27.27272727272727	53223929.0
ES10_172_Control-protein_14	94176199	85232268	0.34567930387366036	2.90070146547676e-12	1.38	38013144.0	87.50756056037727	76.66718211891308	83.27513231221322	35409434	0.001874735	9134163.0	76098105.0	89.48292935978156	89.39848053496743	0.597430428406018	85042036.0											
ES10_172_Control-protein_14_1																		80.3285713045286	52.0	50.0	36.36363636363637	42919861.0	1.0165820900491733	79.93209674117321	52.0	49.55167940711109	36.36363636363637	42521018.0
ES10_172_Control-protein_14_2																		76.20156163044192	56.0	50.0	18.181818181818183	42919861.0	1.9823640155777766	76.91586719295985	56.0	49.34449161118391	27.27272727272727	42521018.0
ES11_172_Control-protein_21	106281550	94929000	0.3673315961220517	2.90070146547661e-12	1.4	42017191.0	86.04981969656616	75.00468143341907	83.47700951452467	39863733	0.001872729	10773258.0	84155742.0	88.1135451568959	87.98647765578302	0.6538018709412163	95508292.0											
ES11_172_Control-protein_21_1																		81.34690993101482	52.0	50.0	36.36363636363637	48298663.0	0.9167497659303737	80.96703594669833	52.0	49.54969281620071	36.36363636363637	47754146.0
ES11_172_Control-protein_21_2																		76.42252043348694	56.0	50.0	18.181818181818183	48298663.0	2.3117257303789134	77.40064815258977	56.0	49.26483991567978	27.27272727272727	47754146.0
ES12_209_MG-lipid_0	104767489	95178815	0.4425968868344636	2.90070146547704e-12	1.34	43181169.0	88.3788466815289	78.58841973391192	85.63065711306189	41113379	0.002151539	8742583.0	86436232.0	90.01438855873496	89.93743560654983	0.4434974401328755	96024906.0											
ES12_209_MG-lipid_0_1																		82.18428210460978	53.0	50.0	27.27272727272727	48405960.0	0.8803686983999491	81.8183295013848	53.0	49.56768630421778	27.27272727272727	48012453.0
ES12_209_MG-lipid_0_2																		78.45807999949756	56.0	50.0	27.27272727272727	48405960.0	1.8944285786295738	79.20440094134665	57.0	49.35685850085602	36.36363636363637	48012453.0
ES13_209_MG-lipid_14	103940610	93542584	0.6615555338090128	2.90070146547664e-12	1.33	42207808.0	87.15454378293825	77.03697332544036	84.01562525749904	39866787	0.002539694	9037342.0	84505242.0	89.04355327363437	88.94911395464274	0.3834272598494711	94903268.0											
ES13_209_MG-lipid_14_1																		80.40448308418202	53.0	50.0	27.27272727272727	47878628.0	0.900613150401887	79.99189738124349	53.0	49.5618285347139	27.27272727272727	47451634.0
ES13_209_MG-lipid_14_2																		76.32448035416627	56.0	50.0	18.181818181818183	47878628.0	2.0023295989183314	76.97467221369286	56.0	49.33161448138962	27.27272727272727	47451634.0
ES14_209_MG-lipid_21	87322400	78805219	0.5640228260142403	2.9007014654769e-12	1.33	35511004.0	87.4139703531718	77.3991117972021	84.61933677166678	33681038	0.002257022	7716392.0	71088827.0	89.30083141463393	89.21689428265263	0.47355219721606945	79606008.0											
ES14_209_MG-lipid_21_1																		80.5491594670375	53.0	50.0	27.27272727272727	40169252.0	0.8896644129694025	80.18870426640044	53.0	49.56398655237177	27.27272727272727	39803004.0
ES14_209_MG-lipid_21_2																		76.06287030952514	56.0	50.0	18.181818181818183	40169252.0	1.998673562554762	76.84054413139154	57.0	49.34238390650113	27.27272727272727	39803004.0
ES15_601_Control-protein_14	97039727	86562272	0.2888206987926603	2.90070146547696e-12	1.39	39081378.0	86.13406820249962	76.64994976748028	82.49830343525343	36603730	0.001712105	8301587.0	78260685.0	88.19283906559231	88.0824817829177	0.46500974665459516	88738140.0											
ES15_601_Control-protein_14_1																		81.35721687428696	53.0	50.0	36.36363636363637	44752398.0	0.8845628339290333	80.9576637770441	53.0	49.56212679238037	36.36363636363637	44369070.0
ES15_601_Control-protein_14_2																		77.44396961061283	57.0	50.0	18.181818181818183	44752398.0	2.0328701045249016	78.01147936472819	57.0	49.30485687439471	27.27272727272727	44369070.0
ES16_601_Control-protein_21	105570590	95443889	0.23227498738146632	2.90070146547675e-12	1.43	43497982.0	87.84343795932183	78.6524334097214	83.68026104243631	40666227	0.001636522	8376278.0	87067611.0	89.5809736273456	89.5072584082904	0.4265249596087475	97194312.0											
ES16_601_Control-protein_21_1																		82.29409875662334	53.0	50.0	36.36363636363637	48927075.0	0.8891289332133588	81.88971796270106	53.0	49.56315698803444	27.27272727272727	48597156.0
ES16_601_Control-protein_21_2																		78.71523657402147	56.0	50.0	18.181818181818183	48927075.0	1.7624048852297014	79.18175025848119	56.0	49.37071150830308	27.27272727272727	48597156.0
ES17_615_Control-protein_0	101091893	91538247	0.5649452226494178	2.90070146547699e-12	1.33	41282959.0	87.78560050493486	77.67251722153428	84.22804358536648	38822608	0.002216126	8907375.0	82630872.0	89.63638775005582	89.56592689457898	0.4723493808363786	92184518.0											
ES17_615_Control-protein_0_1																		81.45737642761517	53.0	50.0	27.27272727272727	46470216.0	0.8790886618646231	81.12227388663729	53.0	49.56957373254368	27.27272727272727	46092259.0
ES17_615_Control-protein_0_2																		77.23501291542172	56.0	50.0	27.27272727272727	46470216.0	1.887377110534627	78.0611997431914	56.0	49.36079043120885	36.36363636363637	46092259.0
ES18_615_Control-protein_14	96316989	85578271	0.4560058495691574	2.90070146547682e-12	1.33	38920409.0	85.35971159984341	77.2784207363459	80.76232750855313	35814718	0.002560325	7625345.0	77952926.0	87.89207470322683	87.76567271658648	0.4652918599637188	88691644.0											
ES18_615_Control-protein_14_1																		77.50198298822886	52.0	50.0	27.27272727272727	44847689.0	0.925224530521517	76.98715261453266	52.0	49.5581767319591	27.27272727272727	44345822.0
ES18_615_Control-protein_14_2																		72.59772715021754	56.0	50.0	18.181818181818183	44847689.0	2.282871788555259	73.43826751848144	56.0	49.272177433084906	27.27272727272727	44345822.0
ES19_615_Control-protein_21	94937744	83522065	0.428971665064716	2.90070146547697e-12	1.41	37440190.0	84.361405404921	75.23046682044604	81.60958217304238	35256815	0.001783324	8534128.0	74987937.0	86.78796151309223	86.66347945437839	0.6089976604682841	86403616.0											
ES19_615_Control-protein_21_1																		79.13987404665414	52.0	50.0	36.36363636363637	43779323.0	1.0852197965692616	78.64116288655573	53.0	49.554286223391394	36.36363636363637	43201808.0
ES19_615_Control-protein_21_2																		73.78672778942611	56.0	50.0	18.181818181818183	43779323.0	2.3965594899674443	74.78523534869069	56.0	49.27362627971496	27.27272727272727	43201808.0
ES1_48_Control-lipid_0	110544922	98750760	0.2358995700555058	2.90070146547689e-12	1.36	44645989.0	86.1908354994297	76.75403669831165	81.83160224706533	41390656	0.001809687	9384356.0	89366404.0	88.34114668753436	88.26757454085418	0.4142948350051739	101160566.0											
ES1_48_Control-lipid_0_1																		81.10210134340214	53.0	50.0	27.27272727272727	51030869.0	1.0352163511070134	80.6722399627843	53.0	49.560064837913224	27.27272727272727	50580283.0
ES1_48_Control-lipid_0_2																		77.26456301936075	56.0	50.0	18.181818181818183	51030869.0	1.8994244836395007	77.8470856251902	56.0	49.36310724081951	27.27272727272727	50580283.0
ES20_618_Control-lipid_0	103070175	93605958	0.3337463079664138	2.90070146547684e-12	1.41	42763200.0	88.3439809968253	79.193075979545	84.19540324807332	40016643	0.001561029	8013577.0	85592381.0	90.04359802567309	89.97418569513712	0.3737604832018078	95056598.0											
ES20_618_Control-lipid_0_1																		82.42409063781577	54.0	50.0	27.27272727272727	47849211.0	0.8723489296406581	82.06162767982825	54.0	49.570059850027455	27.27272727272727	47528299.0
ES20_618_Control-lipid_0_2																		79.15677649168721	57.0	50.0	27.27272727272727	47849211.0	1.747135015455114	79.71791601992607	57.0	49.37629823444765	36.36363636363637	47528299.0
ES21_618_Control-lipid_14	72511283	65974304	0.26740664708394574	2.90070146547689e-12	1.38	29952807.0	88.46653230467456	78.80914477819955	83.74258572559452	27833581	0.001565935	6037145.0	59937159.0	90.16613197752184	90.11867743211653	0.4801205545531106	66474138.0											
ES21_618_Control-lipid_14_1																		81.79145914171085	53.0	50.0	27.27272727272727	33752786.0	1.9060692649193463	81.26594515762113	54.0	49.56126805284786	27.27272727272727	33237069.0
ES21_618_Control-lipid_14_2																		78.19464389326305	57.0	50.0	27.27272727272727	33752786.0	1.9970064100782674	79.03575797576406	57.0	49.40395580609108	36.36363636363637	33237069.0
ES22_618_Control-lipid_21	101292447	90503069	0.35927392258893315	2.90070146547677e-12	1.4	40495762.0	86.05173140282349	76.12883515391825	83.0390241142208	38140748	0.001636458	9430221.0	81072848.0	88.2548263091295	88.16629808208654	0.5940874979450204	91862226.0											
ES22_618_Control-lipid_21_1																		81.45581785706275	52.0	50.0	36.36363636363637	46382754.0	0.9564534266335285	81.05032922791221	53.0	49.556145700192374	36.36363636363637	45931113.0
ES22_618_Control-lipid_21_2																		76.90251755580988	56.0	50.0	18.181818181818183	46382754.0	2.0486170355473075	77.74646488074076	56.0	49.332618110081505	27.27272727272727	45931113.0
ES23_Blue-010_Control-lipid_0	99261015	89671377	0.6100835557229042	2.90070146547692e-12	1.43	40781333.0	87.58760810960985	78.37048210719989	83.02535786420803	37870217	0.002326199	8035351.0	81636026.0	89.4880041651437	89.40758819798779	0.4134023074910148	91225664.0											
ES23_Blue-010_Control-lipid_0_1																		79.3554148276657	53.0	50.0	27.27272727272727	45957789.0	0.8949857444186446	78.89385974062465	53.0	49.56103663986485	27.27272727272727	45612832.0
ES23_Blue-010_Control-lipid_0_2																		76.08161100709104	56.0	50.0	18.181818181818183	45957789.0	1.8579646640529204	76.56852176519418	56.0	49.35054902971164	27.27272727272727	45612832.0
ES24_Blue-010_Control-lipid_21	107735433	97184974	0.5821188872638278	2.90070146547694e-12	1.44	44140483.0	87.50083894809211	78.11181489380564	83.12024953056707	41104807	0.001793781	8830997.0	88353977.0	89.33267361233423	89.25885386981025	0.42174650285655535	98904436.0											
ES24_Blue-010_Control-lipid_21_1																		81.79943850941727	54.0	50.0	27.27272727272727	49818486.0	0.8832188517330695	81.38189326291872	54.0	49.563680298424636	27.27272727272727	49452218.0
ES24_Blue-010_Control-lipid_21_2																		78.15276763038582	57.0	50.0	27.27272727272727	49818486.0	1.8168266293760913	78.6851823219104	57.0	49.367017349959916	36.36363636363637	49452218.0
ES25_619_MG-lipid_0	95436179	87305574	0.2617151745522731	2.90070146547696e-12	1.41	39701211.0	89.12465579743575	79.34887250672514	85.56159072452544	37476550	0.002072318	7834839.0	79470735.0	90.71862941822579	90.64064773438398	0.4517339574942575	87601340.0											
ES25_619_MG-lipid_0_1																		82.14570047441691	53.0	50.0	36.36363636363637	44150438.0	0.8858884253877618	81.81135617057859	53.0	49.56609743640908	27.27272727272727	43800670.0
ES25_619_MG-lipid_0_2																		78.20331123593425	56.0	50.0	27.27272727272727	44150438.0	1.8777961387381932	78.8340189209295	56.0	49.357973428260344	36.36363636363637	43800670.0
ES26_619_MG-lipid_14	96446554	86883202	0.2746789082329998	2.90070146547695e-12	1.39	39052188.0	87.03819650045791	77.14423057562016	83.97582550845073	36846623	0.002249127	8691244.0	78191958.0	89.10225261582461	89.0024501081473	0.5443419891058444	87755310.0											
ES26_619_MG-lipid_14_1																		79.9043952904264	52.0	50.0	36.36363636363637	44410086.0	1.0985087036309726	79.44479518975217	52.0	49.55759828094733	36.36363636363637	43877655.0
ES26_619_MG-lipid_14_2																		75.23997466213329	56.0	50.0	18.181818181818183	44410086.0	2.222599884179463	76.15169862198583	56.0	49.31378946755473	27.27272727272727	43877655.0
ES27_619_MG-lipid_21	97744122	88608688	0.2579501845874454	2.90070146547722e-12	1.43	40067894.0	87.8317562973027	78.09696628100052	83.05230984154419	37096996	0.002296702	8410072.0	80198616.0	89.77384994859183	89.70352066205439	0.4611556287887989	89334050.0											
ES27_619_MG-lipid_21_1																		81.30440260051691	52.0	50.0	36.36363636363637	44969958.0	0.905596131532967	80.9074248141288	52.0	49.558324894035366	36.36363636363637	44667025.0
ES27_619_MG-lipid_21_2																		78.44400921605109	55.0	50.0	18.181818181818183	44969958.0	1.7632967769282772	78.87805487766175	55.0	49.367350590284445	27.27272727272727	44667025.0
ES28_Blue-098_Control-lipid_0	116887200	103654687	0.2417945328950795	2.9007014654771e-12	1.41	47460317.0	85.35284810810211	77.59852233606416	79.85708068644925	43215449	0.001767725	8655222.0	94999465.0	87.77393405856446	87.70109883790538	0.34652235589744096	108231978.0											
ES28_Blue-098_Control-lipid_0_1																		80.84755041117737	53.0	50.0	27.27272727272727	54464395.0	0.887235486596335	80.39428066877004	53.0	49.563103614349544	27.27272727272727	54115989.0
ES28_Blue-098_Control-lipid_0_2																		77.87798142977891	57.0	50.0	18.181818181818183	54464395.0	1.7429774442550956	78.28577611283673	57.0	49.36641797306892	27.27272727272727	54115989.0
ES29_Blue-098_Control-lipid_14	111968320	100744087	0.2861131947141842	2.9007014654766e-12	1.45	46289764.0	87.1818904878954	78.97865217590119	80.87028076544216	41986923	0.001742686	8130612.0	92613475.0	89.19060020084419	89.15790783825852	0.30402250404063236	103837708.0											
ES29_Blue-098_Control-lipid_14_1																		80.18124797497987	53.0	50.0	27.27272727272727	52140641.0	0.9422574225736887	79.76084132830869	53.0	49.56262576596934	27.27272727272727	51918854.0
ES29_Blue-098_Control-lipid_14_2																		78.1849462246747	56.0	50.0	27.27272727272727	52140641.0	1.471702467179105	78.30551404897675	56.0	49.416332899027395	27.27272727272727	51918854.0
ES2_48_Control-lipid_14	99868493	89903205	0.32793420213227875	2.90070146547696e-12	1.33	40187989.0	87.01992748552269	76.24799344874464	83.7041396483578	37846584	0.001690849	9439073.0	80464132.0	88.98003769127348	88.88255392990467	0.4876145396044783	90429420.0											
ES2_48_Control-lipid_14_1																		81.54246210115792	53.0	50.0	27.27272727272727	45624327.0	0.938769091322706	81.18970136237662	53.0	49.56009152773511	27.27272727272727	45214710.0
ES2_48_Control-lipid_14_2																		77.64861698373014	57.0	50.0	27.27272727272727	45624327.0	1.9915414861900318	78.31317273981709	57.0	49.334632976745844	36.36363636363637	45214710.0
ES30_Blue-098_Control-lipid_21	76642542	67217467	0.2521078194522871	2.90070146547666e-12	1.43	30528674.0	84.02386252677402	76.20423915480256	80.49232187084692	28402734	0.001776804	6070012.0	61147455.0	86.64483900463821	86.51715901357086	0.461268711777798	70572530.0											
ES30_Blue-098_Control-lipid_21_1																		77.85196484483703	52.0	50.0	27.27272727272727	35667230.0	0.8955923406443393	77.37424910501485	53.0	49.55869560011523	27.27272727272727	35286265.0
ES30_Blue-098_Control-lipid_21_2																		72.81867878440248	56.0	50.0	18.181818181818183	35667230.0	2.2571018831571728	73.62828395881667	57.0	49.27036261842958	27.27272727272727	35286265.0
ES31_Blue-055_NA_0	100084835	93247476	0.28344195601979416	2.90070146547675e-12	1.36	43072832.0	91.24115967442062	82.0452808859604	83.92120579354389	39023333	0.001566496	7084901.0	86162575.0	92.64799585771749	92.62981197384505	0.1909969097397424	92999934.0											
ES31_Blue-055_NA_0_1																		83.92020059170659	54.0	50.0	27.27272727272727	46585222.0	0.8481456200852708	83.58254697243055	54.0	49.58060185290024	27.27272727272727	46499967.0
ES31_Blue-055_NA_0_2																		82.42543934740435	57.0	50.0	36.36363636363637	46585222.0	1.2126647373280737	82.36124501019009	57.0	49.46107660678555	36.36363636363637	46499967.0
ES32_Blue-055_NA_14	103890894	92944649	0.3818231885284695	2.90070146547694e-12	1.36	42227894.0	86.50084120973112	77.2045834931404	82.59009988256135	39423441	0.001730934	8423178.0	84521471.0	88.5340872719737	88.46528600307144	0.3098586751567409	95467716.0											
ES32_Blue-055_NA_14_1																		82.30290234260684	54.0	50.0	27.27272727272727	48039457.0	0.8705378997102319	81.88133377097026	54.0	49.57313131907335	27.27272727272727	47733858.0
ES32_Blue-055_NA_14_2																		79.11544467468549	57.0	50.0	18.181818181818183	48039457.0	1.7252450626159241	79.50900059570439	57.0	49.373614929679476	27.27272727272727	47733858.0
ES33_101-LS_MG-lipid_0	104259625	95553822	0.29413628487714977	2.90070146547677e-12	1.34	43516955.0	89.2005964156234	79.6120933678785	83.63684933008335	40060169	0.001497618	8464125.0	87089697.0	90.91209607966971	90.85386056756319	0.42550224175457096	95795500.0											
ES33_101-LS_MG-lipid_0_1																		83.6143212682922	53.0	50.0	27.27272727272727	48139143.0	0.8899157594060202	83.24139009970551	54.0	49.572318511829884	27.27272727272727	47897750.0
ES33_101-LS_MG-lipid_0_2																		81.04197539029127	57.0	50.0	27.27272727272727	48139143.0	1.562477254736338	81.33221039228874	57.0	49.40225342526528	36.36363636363637	47897750.0
ES34_101-LS_MG-lipid_14	96730393	88479069	0.28019001880095734	2.90070146547701e-12	1.42	40737754.0	89.09749847706829	80.48933699669762	82.83084092911766	37173340	0.0016178	6973149.0	81505920.0	90.80706622409217	90.77318372208487	0.28928695716192	89757244.0											
ES34_101-LS_MG-lipid_14_1																		81.55609493918726	53.0	50.0	27.27272727272727	45028801.0	0.8706316208597249	81.1371939891541	53.0	49.56903997631656	27.27272727272727	44878622.0
ES34_101-LS_MG-lipid_14_2																		79.76011491288928	56.0	50.0	18.181818181818183	45028801.0	1.4047305412373738	79.79871605054807	56.0	49.42191317728071	27.27272727272727	44878622.0
ES35_101-LS_MG-lipid_21	99281795	90193214	0.3164162140619432	2.90070146547665e-12	1.41	40505696.0	87.93553621701031	77.72935209320097	83.06126312972741	37447300	0.001667441	9113891.0	81079323.0	89.92038120349342	89.84504286580733	0.5631083539437713	90167904.0											
ES35_101-LS_MG-lipid_21_1																		82.10835060163771	52.0	50.0	36.36363636363637	45405269.0	0.8989307386329988	81.72781941704399	52.0	49.555538321041595	36.36363636363637	45083952.0
ES35_101-LS_MG-lipid_21_2																		78.59311506043434	56.0	50.0	18.181818181818183	45405269.0	1.8069197651928899	79.04560993787057	56.0	49.36216685263084	27.27272727272727	45083952.0
ES36_AR17-21_MG-lipid_0	91664382	82390501	0.4649044293844773	2.90070146547683e-12	1.39	37450279.0	87.10610094212458	77.94259061278568	83.911025733126	35350000	0.002091377	7408470.0	74982031.0	88.99319848321147	88.89650141108199	0.39194994411786793	84255912.0											
ES36_AR17-21_MG-lipid_0_1																		81.84303855103384	53.0	50.0	27.27272727272727	42487772.0	0.8963094134472385	81.44524350629453	54.0	49.57083370007318	27.27272727272727	42127956.0
ES36_AR17-21_MG-lipid_0_2																		77.66414926210982	57.0	50.0	18.181818181818183	42487772.0	1.9819039228510262	78.16672521050141	57.0	49.32272951956178	36.36363636363637	42127956.0
ES37_AR17-21_MG-lipid_14	102448650	91223789	0.45705942154108836	2.90070146547688e-12	1.39	41622747.0	86.15713785034646	77.6698785196291	83.13705891502427	39307253	0.001992668	7888526.0	83335263.0	88.12939268142246	88.0344594302774	0.41075771008929723	94560124.0											
ES37_AR17-21_MG-lipid_14_1																		81.32629269324518	53.0	50.0	27.27272727272727	47722441.0	0.8982675047992621	80.93059499355418	53.0	49.56080305055438	27.27272727272727	47280062.0
ES37_AR17-21_MG-lipid_14_2																		76.88969189708287	56.0	50.0	18.181818181818183	47722441.0	2.037720367237711	77.69306826341867	56.0	49.32560892157883	27.27272727272727	47280062.0
ES38_AR17-21_MG-lipid_21	94980927	84384965	0.4934401036183311	2.90070146547647e-12	1.38	38230585.0	85.60359656712298	76.83975962879369	81.7119663580532	35594432	0.002089851	7859215.0	76525750.0	87.83774818382815	87.76362200044922	0.4686007547693737	87121712.0											
ES38_AR17-21_MG-lipid_21_1																		80.16145116475538	53.0	50.0	36.36363636363637	43890238.0	0.8947668499769813	79.70613512399433	53.0	49.55991259675889	36.36363636363637	43560856.0
ES38_AR17-21_MG-lipid_21_2																		76.17003982737477	56.0	50.0	18.181818181818183	43890238.0	1.8514512498200624	76.77464580311678	56.0	49.35489447222984	27.27272727272727	43560856.0
ES39_LD19-239_MG-lipid_14	97930615	87306973	0.5079595317583848	2.9007014654768e-12	1.45	39921473.0	86.05011256192813	77.90437137559077	82.01063325411121	37131195	0.002618463	7378467.0	79928506.0	88.26792932620438	88.17344233512826	0.3811571648195468	90552148.0											
ES39_LD19-239_MG-lipid_14_1																		77.27503551262359	52.0	50.0	27.27272727272727	45700249.0	0.9099363988148073	76.79396323780617	52.0	49.55659660331857	27.27272727272727	45276074.0
ES39_LD19-239_MG-lipid_14_2																		73.03230123117756	55.0	50.0	27.27272727272727	45700249.0	2.0512321935051165	73.72528973100933	55.0	49.319907485794815	27.27272727272727	45276074.0
ES3_48_Control-lipid_21	91886681	82463761	0.24614692597474808	2.90070146547696e-12	1.42	37353160.0	86.79057264680878	77.52458487427573	83.37899127966084	35101955	0.00173163	7688121.0	74775640.0	88.80869221516377	88.72636301618459	0.4473983878109079	84198560.0											
ES3_48_Control-lipid_21_1																		81.108177503778	53.0	50.0	36.36363636363637	42465153.0	0.907824257691948	80.70569998410461	53.0	49.56120413460753	27.27272727272727	42099280.0
ES3_48_Control-lipid_21_2																		77.06251597227359	56.0	50.0	18.181818181818183	42465153.0	1.9539136477384176	77.71880394585494	57.0	49.34388374337993	27.27272727272727	42099280.0
ES40_LD19-239_MG-lipid_21	114054883	102364016	0.5073382412706186	2.90070146547662e-12	1.41	46729240.0	86.81286268833595	78.10589398438995	82.39934095160089	43359625	0.002539378	8812233.0	93551783.0	88.89151213885245	88.80285701661826	0.35869393254540816	105242650.0											
ES40_LD19-239_MG-lipid_21_1																		79.96858657390925	53.0	50.0	27.27272727272727	53032480.0	0.8924151765106969	79.53611214675507	53.0	49.560593865699886	27.27272727272727	52621325.0
ES40_LD19-239_MG-lipid_21_2																		76.76767703575014	56.0	50.0	18.181818181818183	53032480.0	1.9024673558543745	77.27239917793128	56.0	49.33786334722662	27.27272727272727	52621325.0
ES41_Blue-013_Control-protein_0	108741847	97312790	0.20890121393047154	2.90070146547682e-12	1.32	43336203.0	86.09952012085972	75.80674071132891	82.3133973776337	40415255	0.002394204	10543361.0	86769429.0	88.3612696432	88.26246669424211	0.664890088020298	98198486.0											
ES41_Blue-013_Control-protein_0_1																		80.24535567656609	52.0	50.0	36.36363636363637	49547668.0	0.9145461295978652	79.89438246963783	52.0	49.555427789385675	36.36363636363637	49099243.0
ES41_Blue-013_Control-protein_0_2																		76.11930065860369	56.0	50.0	18.181818181818183	49547668.0	2.0499012789058004	76.76195298393898	56.0	49.3112315193943	27.27272727272727	49099243.0
ES42_Blue-013_Control-protein_14	95138173	85799075	0.2516900949188937	2.9007014654767e-12	1.38	38767209.0	86.90610825779139	77.42882975059864	80.5522805469735	35016579	0.002566025	8196925.0	77602150.0	89.25815051562176	89.18024503167933	0.3987393877759841	86941248.0											
ES42_Blue-013_Control-protein_14_1																		76.46930321015185	52.0	50.0	27.27272727272727	43814409.0	1.0247029008196824	75.99036648914883	52.0	49.55244663614675	27.27272727272727	43470624.0
ES42_Blue-013_Control-protein_14_2																		73.33883804090148	55.0	50.0	27.27272727272727	43814409.0	1.8584555140296426	73.65979779234031	55.0	49.34653445508397	27.27272727272727	43470624.0
ES43_Blue-013_Control-protein_21	101257171	91529491	0.22757414904376827	2.90070146547707e-12	1.41	41691794.0	87.64571382083305	78.69431390691332	83.19843418069146	38770056	0.002419631	8058167.0	83471324.0	89.56246356452479	89.4683252194412	0.44352941797532514	93199004.0											
ES43_Blue-013_Control-protein_21_1																		78.40269494232447	52.0	50.0	36.36363636363637	46998471.0	0.9066321327772556	77.96589821019822	52.0	49.55513430164984	27.27272727272727	46599502.0
ES43_Blue-013_Control-protein_21_2																		74.75501033818911	55.0	50.0	18.181818181818183	46998471.0	1.969047290921443	75.33721802266933	55.0	49.33183648614957	27.27272727272727	46599502.0
ES44_Blue-015_MG-lipid_0	106561389	96422043	0.5987239663041585	2.90070146547657e-12	1.35	44133628.0	87.63809894734734	79.02592936358965	81.60963595738575	40180643	0.002063784	8091049.0	88330994.0	89.70314716086082	89.63841904069794	0.29960798348010176	98470340.0											
ES44_Blue-015_MG-lipid_0_1																		79.56469839971967	53.0	50.0	27.27272727272727	49548155.0	0.9119493147625779	79.12026062835626	53.0	49.56436795079615	27.27272727272727	49235170.0
ES44_Blue-015_MG-lipid_0_2																		76.24766861799714	56.0	50.0	18.181818181818183	49548155.0	1.7008463382743515	76.64515694469382	56.0	49.38067873026538	27.27272727272727	49235170.0
ES45_Blue-015_MG-lipid_14	116293063	107750481	0.6290217985934697	2.90070146547679e-12	1.4	49494023.0	90.6305873980678	80.95571444360357	83.49459577321629	44899714	0.002064342	8741877.0	99008604.0	92.05719405084012	92.03807943131376	0.1906450385400678	107551186.0											
ES45_Blue-015_MG-lipid_14_1																		80.79829740982856	53.0	50.0	27.27272727272727	53891868.0	0.8878397757524381	80.35427291117009	53.0	49.56392585015288	27.27272727272727	53775593.0
ES45_Blue-015_MG-lipid_14_2																		79.48623868915826	55.0	50.0	27.27272727272727	53891868.0	1.251127275825733	79.41271049181645	56.0	49.45355077720854	27.27272727272727	53775593.0
ES46_Blue-015_MG-lipid_21	99428617	89408340	0.5519471224316936	2.90070146547673e-12	1.39	40870966.0	86.67908963168728	78.50914189020652	80.06097288806906	36751984	0.002386762	7618631.0	81789709.0	89.08585281779696	89.0338138162879	0.35549509832187537	91809986.0											
ES46_Blue-015_MG-lipid_21_1																		77.92998614259815	51.0	50.0	27.27272727272727	46181192.0	0.9139727705599284	77.46540047720593	52.0	49.551280903147074	27.27272727272727	45904993.0
ES46_Blue-015_MG-lipid_21_2																		74.5938652742612	54.0	50.0	27.27272727272727	46181192.0	1.6806012716172418	75.01962923109888	55.0	49.38354318015036	27.27272727272727	45904993.0
ES47_Blue-45_MG-protein_0	92221030	83781425	0.4885445576680958	2.90070146547677e-12	1.4	38717240.0	88.16321604701504	80.37527015258884	81.00850704666792	34799662	0.002056778	6304962.0	77476463.0	90.17691894373006	90.1280538117736	0.2853552376256325	85916068.0											
ES47_Blue-45_MG-protein_0_1																		77.44144993243918	53.0	50.0	27.27272727272727	43201675.0	0.997933158841642	76.94739088886814	53.0	49.56073753282099	27.27272727272727	42958034.0
ES47_Blue-45_MG-protein_0_2																		75.12851184033562	56.0	50.0	27.27272727272727	43201675.0	1.5822035603943598	75.33036549862734	56.0	49.4067634938787	27.27272727272727	42958034.0
ES48_Blue-45_MG-protein_14	97098512	87348356	0.48453072484816345	2.9007014654767e-12	1.36	40376600.0	87.21882855353826	79.5047652223548	81.89469754845506	37080698	0.001953978	6541494.0	80806862.0	89.23313044605776	89.17387275274457	0.23814498838731638	90557018.0											
ES48_Blue-45_MG-protein_14_1																		79.77976558779227	53.0	50.0	27.27272727272727	45560444.0	0.9012134297901048	79.25711629396415	54.0	49.56960771389358	27.27272727272727	45278509.0
ES48_Blue-45_MG-protein_14_2																		76.3509218749337	57.0	50.0	18.181818181818183	45560444.0	1.6759349843034892	76.70072592145706	57.0	49.391140839023656	27.27272727272727	45278509.0
ES49_Blue-024_Control-protein_0	97746419	87338463	0.426234330290707	2.90070146547682e-12	1.37	38892659.0	86.03160850205687	75.69043117579581	83.19833610265157	36721931	0.001597562	9470781.0	77867682.0	88.2097074166714	88.11640421109162	0.659136555886461	88275638.0											
ES49_Blue-024_Control-protein_0_1																		83.02959098018914	52.0	50.0	36.36363636363637	44545402.0	0.9031399020711497	82.73230153491495	53.0	49.55666427468924	36.36363636363637	44137819.0
ES49_Blue-024_Control-protein_0_2																		78.8626540505386	56.0	50.0	27.27272727272727	44545402.0	2.0336190478200193	79.66285483775654	56.0	49.3248112463373	36.36363636363637	44137819.0
ES4_164_Control-protein_0	99027646	88365081	0.5541447793586416	2.90070146547684e-12	1.38	39313000.0	85.93479208450732	75.35359166267568	83.56267432676407	37343677	0.002415433	9648800.0	78716281.0	88.07037070046754	87.96936134082554	0.6035186446690082	89378846.0											
ES4_164_Control-protein_0_1																		80.42824222302839	53.0	50.0	36.36363636363637	45134181.0	0.924581261372617	80.0793940924735	53.0	49.558932300379	36.36363636363637	44689423.0
ES4_164_Control-protein_0_2																		76.22964390128931	57.0	50.0	27.27272727272727	45134181.0	2.094679152370129	76.99088238483957	57.0	49.31715773103627	36.36363636363637	44689423.0
ES50_Blue-024_Control-protein_14	86589785	76478129	0.3220295868071919	2.900701465477e-12	1.41	34290279.0	84.74193988803638	75.64307036909723	82.20572036045364	32374108	0.001678364	7826147.0	68651982.0	87.16202519746486	87.07134375890561	0.6329951392037021	78763638.0											
ES50_Blue-024_Control-protein_14_1																		81.54514300228855	52.0	50.0	36.36363636363637	39783087.0	0.9354160475279356	81.18871142517045	52.0	49.55837555395804	36.36363636363637	39381819.0
ES50_Blue-024_Control-protein_14_2																		77.29516062018605	56.0	50.0	18.181818181818183	39783087.0	2.120218775380603	78.19701001766755	56.0	49.311339047086676	27.27272727272727	39381819.0
ES51_Blue-024_Control-protein_21	84354926	75000053	0.25344301238943684	2.90070146547658e-12	1.4	33534994.0	85.47142111478287	75.90671586861448	82.53523736976406	31566639	0.001708566	7862412.0	67137641.0	87.77021108235506	87.68176713344785	0.6715428388194954	76492514.0											
ES51_Blue-024_Control-protein_21_1																		81.9600983372756	53.0	50.0	36.36363636363637	38574255.0	0.9022499073540111	81.59350692824194	53.0	49.558839130323264	36.36363636363637	38246257.0
ES51_Blue-024_Control-protein_21_2																		77.50804723036103	57.0	50.0	18.181818181818183	38574255.0	1.9819713433221198	78.14936456669855	57.0	49.32695408599069	27.27272727272727	38246257.0
ES52_SEM19-1481_MG-lipid_14	98532650	88046429	0.59916258445005	2.9007014654769e-12	1.44	39714484.0	86.23567548274728	76.75299710299073	82.93978262585671	37329860	0.002519794	8515872.0	79530557.0	88.35081500028805	88.23795937241833	0.4911595480566967	90016778.0											
ES52_SEM19-1481_MG-lipid_14_1																		79.29981530244929	53.0	50.0	36.36363636363637	45481885.0	0.9144736195520481	78.85681364648674	53.0	49.55846864458979	27.27272727272727	45008389.0
ES52_SEM19-1481_MG-lipid_14_2																		74.29859007172143	56.0	50.0	18.181818181818183	45481885.0	2.1881804151257143	75.08346433155444	56.0	49.29256190440409	27.27272727272727	45008389.0
ES53_SEM19-74_MG-protein_0	88745659	80727336	0.24917072419845085	2.90070146547658e-12	1.36	37063544.0	88.4680893779509	79.83465872961742	84.21836134371713	34623515	0.001744547	6522461.0	74204875.0	90.2481012718576	90.15349658377433	0.3277481374538606	82223198.0											
ES53_SEM19-74_MG-protein_0_1																		80.90616441058337	53.0	50.0	27.27272727272727	41518457.0	0.9501557343520739	80.4867179006062	53.0	49.569401253402965	27.27272727272727	41111599.0
ES53_SEM19-74_MG-protein_0_2																		76.079448224823	57.0	50.0	18.181818181818183	41518457.0	2.0455493324330427	76.847769541544	57.0	49.33593560785607	27.27272727272727	41111599.0
ES54_SEM19-74_MG-protein_14	92854001	84255638	0.26517040538123154	2.90070146547693e-12	1.39	38274649.0	88.09773155213895	78.70429837482178	84.02702427631807	35806514	0.001717588	7627815.0	76627823.0	89.91112543743304	89.81898826259807	0.4510784983385271	85226186.0											
ES54_SEM19-74_MG-protein_14_1																		80.89154931680713	53.0	50.0	27.27272727272727	42985934.0	0.8931212707859274	80.43254076644945	53.0	49.559367492990944	27.27272727272727	42613093.0
ES54_SEM19-74_MG-protein_14_2																		76.85747137148908	56.0	50.0	18.181818181818183	42985934.0	1.9773835320177062	77.53507376245228	56.0	49.33594414280137	36.36363636363637	42613093.0
ES55_SEM19-74_MG-protein_21	85585273	76442970	0.3045399017144844	2.90070146547693e-12	1.37	33372415.0	85.69704973612343	73.60613548548241	82.65475247133774	31396821	0.001776611	9614273.0	66828697.0	87.96606204999277	87.85566861039081	0.7455344802622053	75971000.0											
ES55_SEM19-74_MG-protein_21_1																		79.59137198015404	51.0	50.0	36.36363636363637	38374451.0	0.9503484492846554	79.2520753581713	51.0	49.543354674810125	36.36363636363637	37985500.0
ES55_SEM19-74_MG-protein_21_2																		74.92208169341026	56.0	50.0	18.181818181818183	38374451.0	2.153596203890969	75.71600153078455	56.0	49.298705900935886	27.27272727272727	37985500.0
ES56_Blue-050_Control-lipid_21	105140135	92082877	0.6264258917344178	2.90070146547698e-12	1.32	41967163.0	83.40821016424039	76.07070506424593	80.58359383293893	39114552	0.006515345	8061933.0	84020944.0	86.54975295071905	86.46052797722808	0.35474183998587033	97078202.0											
ES56_Blue-050_Control-lipid_21_1																		82.01143054608664	54.0	50.0	27.27272727272727	49008438.0	0.8714922111984063	81.64937378875989	54.0	49.5723120417908	27.27272727272727	48539101.0
ES56_Blue-050_Control-lipid_21_2																		77.2825090117744	57.0	50.0	27.27272727272727	49008438.0	2.0985864515820727	78.12999229850836	58.0	49.307477058547086	36.36363636363637	48539101.0
ES57_Blue-031_MG-lipid_0	113946682	104290824	0.2722127229863909	2.90070146547694e-12	1.35	47745013.0	89.119668029519	79.97658589128555	83.61997212627547	43985368	0.001561608	8743662.0	95547162.0	90.82169124042257	90.76738101244622	0.34582182146482104	105203020.0											
ES57_Blue-031_MG-lipid_0_1																		84.2833770518485	54.0	50.0	27.27272727272727	52900129.0	0.8632281785172962	83.93203491616107	54.0	49.57349454416803	27.27272727272727	52601510.0
ES57_Blue-031_MG-lipid_0_2																		81.040593385039	57.0	50.0	27.27272727272727	52900129.0	1.6277764842501614	81.42273585185589	57.0	49.397634326467056	36.36363636363637	52601510.0
ES58_Blue-032_MG-protein_0	111964990	98738327	0.35813661873490743	2.90070146547691e-12	1.38	43262804.0	84.23132640546058	73.17791570382849	81.42823626297566	40652354	0.001699301	12116692.0	86621635.0	86.75324140227207	86.65706850606507	0.7519617410003323	99848298.0											
ES58_Blue-032_MG-protein_0_1																		81.78225670122387	52.0	50.0	36.36363636363637	50394725.0	0.9189137950450171	81.37511967631045	52.0	49.55076371957787	36.36363636363637	49924149.0
ES58_Blue-032_MG-protein_0_2																		77.48919118383013	56.0	50.0	18.181818181818183	50394725.0	2.0715289546673783	78.2773542375322	56.0	49.31128923199071	27.27272727272727	49924149.0
ES59_Blue-032_MG-protein_14	103017713	92039574	0.3183512596667582	2.90070146547673e-12	1.41	41638575.0	86.22064162136074	77.26372842309168	82.74069651886394	39036728	0.001668577	8658517.0	83381057.0	88.36558654018205	88.25546796731926	0.528923540213293	94359196.0											
ES59_Blue-032_MG-protein_14_1																		81.10223650678215	52.0	50.0	36.36363636363637	47661017.0	0.9470828958601534	80.69940009853624	53.0	49.557201928681124	36.36363636363637	47179598.0
ES59_Blue-032_MG-protein_14_2																		76.77068188832865	56.0	50.0	18.181818181818183	47661017.0	2.1402807246014075	77.53305109994243	56.0	49.299801855030644	27.27272727272727	47179598.0
ES5_164_Control-protein_14	91344581	81444006	0.5426201423063934	2.90070146547675e-12	1.36	37033506.0	86.0233782072831	77.15637121374502	82.04339563060097	34471678	0.002513777	7311789.0	74132217.0	88.21820058055432	88.14060587205053	0.36225263109191946	84032792.0											
ES5_164_Control-protein_14_1																		79.00527726703707	53.0	50.0	27.27272727272727	42390293.0	0.9363321456636311	78.54191927236027	53.0	49.56693820193431	27.27272727272727	42016396.0
ES5_164_Control-protein_14_2																		74.8641410632062	56.0	50.0	18.181818181818183	42390293.0	1.9505101792997752	75.52216680429724	56.0	49.350035852670466	27.27272727272727	42016396.0
ES60_Blue-032_MG-protein_21	92550961	82009512	0.26258463264270904	2.90070146547683e-12	1.39	37110599.0	85.21355926317311	76.76572477729323	81.81248557107521	34707692	0.001709764	7704029.0	74305483.0	87.57592201448132	87.47658430360217	0.5495767366108182	84846932.0											
ES60_Blue-032_MG-protein_21_1																		80.38392888397148	52.0	50.0	36.36363636363637	42841580.0	0.905151957514172	79.93744891842988	52.0	49.55678791072847	36.36363636363637	42423466.0
ES60_Blue-032_MG-protein_21_2																		75.56424674128371	56.0	50.0	18.181818181818183	42841580.0	2.141230365453375	76.33925832378235	56.0	49.29248520146845	27.27272727272727	42423466.0
ES61_Blue-035_MG-protein_0	83693212	75558463	0.5048535821940998	2.90070146547682e-12	1.43	34738109.0	87.48049789742738	79.34865016293078	81.96576191252637	31830443	0.002228965	6025556.0	69532907.0	89.52620766616157	89.45321846715703	0.30729780231812326	77667656.0											
ES61_Blue-035_MG-protein_0_1																		77.14927361798067	53.0	50.0	27.27272727272727	39132317.0	0.912981973441542	76.70015971536452	53.0	49.56182753860887	27.27272727272727	38833828.0
ES61_Blue-035_MG-protein_0_2																		73.32071564245626	56.0	50.0	18.181818181818183	39132317.0	1.8478234243068203	73.77928916394384	56.0	49.35944295782533	27.27272727272727	38833828.0
ES62_Blue-035_MG-protein_14	96461551	85520472	0.4493872684898934	2.90070146547705e-12	1.33	38948952.0	85.2750807700907	77.193581513115	81.52358929998836	36246415	0.002215555	7539031.0	77981441.0	87.69594136558433	87.60199778413838	0.42159736363746775	88922520.0											
ES62_Blue-035_MG-protein_14_1																		78.72688954923447	53.0	50.0	27.27272727272727	44900450.0	0.9017213858658433	78.2245696884883	53.0	49.56256433128526	27.27272727272727	44461260.0
ES62_Blue-035_MG-protein_14_2																		73.76860290570824	56.0	50.0	18.181818181818183	44900450.0	2.1015267775712716	74.58401374172857	56.0	49.31387794677884	27.27272727272727	44461260.0
ES63_Blue-035_MG-protein_21	88204269	78249643	0.4516248088992915	2.90070146547686e-12	1.3	35919117.0	85.31051929186737	77.89990981048774	80.66249156563552	33010994	0.00231531	6354593.0	71895050.0	87.83791642620552	87.76850136828887	0.34259023823136453	81849676.0											
ES63_Blue-035_MG-protein_21_1																		77.82074204250156	53.0	50.0	27.27272727272727	41264470.0	0.8867812430403201	77.3730219865547	53.0	49.56623302943802	27.27272727272727	40924838.0
ES63_Blue-035_MG-protein_21_2																		72.93270074497211	57.0	50.0	18.181818181818183	41264470.0	1.9219955569525067	73.53975899277137	57.0	49.348357176148134	27.27272727272727	40924838.0
ES64_SEM19-1481_MG-lipid_21	101902023	91876984	0.817029941595422	2.90070146547656e-12	1.4	41236372.0	87.16634148270056	76.71472233676853	83.23117826450537	38526424	0.002484132	9325119.0	82551865.0	89.17112306974533	89.08565790880196	0.45557691149403745	92576904.0											
ES64_SEM19-1481_MG-lipid_21_1																		80.77681301814366	53.0	50.0	27.27272727272727	46678182.0	0.9006936902555459	80.36285989011502	53.0	49.56384320218788	27.27272727272727	46288452.0
ES64_SEM19-1481_MG-lipid_21_2																		76.45438236087938	57.0	50.0	18.181818181818183	46678182.0	1.9545017413060344	77.00188088739725	57.0	49.33451326045641	27.27272727272727	46288452.0
ES65_106_NA_0	99215360	87781786	0.43229103780226263	2.900701465477e-12	1.38	39670056.0	85.07110859316107	76.27410110692537	82.05057768370332	37279241	0.00183568	8346430.0	79435356.0	87.41751003340747	87.31269532941567	0.4926689463604336	90868930.0											
ES65_106_NA_0_1																		81.92129978906303	53.0	50.0	27.27272727272727	45915339.0	0.9021731495873307	81.49440769350375	54.0	49.56682745136319	27.27272727272727	45434465.0
ES65_106_NA_0_2																		76.99321878680595	57.0	50.0	18.181818181818183	45915339.0	2.1508170940434526	77.89768034179727	57.0	49.31281275128914	27.27272727272727	45434465.0
ES66_617_Control-protein_14	94701436	84633736	0.3183243186310044	2.90070146547691e-12	1.36	37809628.0	86.0760618213357	75.89849851907209	83.43223459644912	35788091	0.0021738	8911834.0	75721902.0	88.2646617243894	88.14501319169193	0.5677914206898873	85789602.0											
ES66_617_Control-protein_14_1																		82.43080658232488	52.0	50.0	36.36363636363637	43389251.0	0.8956500770202279	82.04745808170853	53.0	49.561620043417385	36.36363636363637	42894801.0
ES66_617_Control-protein_14_2																		77.15505986927973	57.0	50.0	18.181818181818183	43389251.0	2.2896026022666307	78.0693791280363	57.0	49.281482877144015	27.27272727272727	42894801.0
ES67_Blue-037_MG-protein_0	94061442	81697340	0.6499618460962222	2.90070146547701e-12	1.43	36438499.0	82.56330984748632	73.77572842227956	79.5814190650515	33953687	0.002588948	8730752.0	72966588.0	85.51036912979374	85.40537759626694	0.6304167937702132	85330690.0											
ES67_Blue-037_MG-protein_0_1																		77.40994946756041	51.0	50.0	36.36363636363637	43114045.0	0.9357875374486435	76.9299192721707	51.0	49.54793767635068	36.36363636363637	42665345.0
ES67_Blue-037_MG-protein_0_2																		73.04174529791045	55.0	50.0	27.27272727272727	43114045.0	2.22576740363842	73.87086247488551	55.0	49.271660290101956	36.36363636363637	42665345.0
ES68_Blue-037_MG-protein_14	83937887	73619093	0.5726986135868696	2.90070146547663e-12	1.39	33250088.0	83.87248646454228	75.64549248183958	80.69997859025239	31028961	0.002614382	7038335.0	66580758.0	86.58146408967376	86.47667544279062	0.5086739647065824	76899552.0											
ES68_Blue-037_MG-protein_14_1																		76.76453446051306	51.0	50.0	36.36363636363637	38873266.0	0.9237819122272876	76.3011133751547	52.0	49.55581208067376	36.36363636363637	38449776.0
ES68_Blue-037_MG-protein_14_2																		71.66113608732465	56.0	50.0	18.181818181818183	38873266.0	2.2220675772393292	72.54083616105868	56.0	49.29394943679256	27.27272727272727	38449776.0
ES69_Blue-037_MG-protein_21	90353668	78707627	0.6005689331778121	2.90070146547685e-12	1.37	35318035.0	82.85432906442517	74.45139692613255	79.59118017836518	32770391	0.002785484	8006878.0	70700749.0	85.85732242871885	85.77877777628005	0.5586520130292875	82346790.0											
ES69_Blue-037_MG-protein_21_1																		76.28841941517126	51.0	50.0	36.36363636363637	41538314.0	0.9196256256332407	75.80138867250703	51.0	49.55066399066679	36.36363636363637	41173395.0
ES69_Blue-037_MG-protein_21_2																		71.92367034984817	55.0	50.0	18.181818181818183	41538314.0	2.002096955596224	72.65411567178525	55.0	49.325451496044955	27.27272727272727	41173395.0
ES6_164_Control-protein_21	89157979	78865426	0.5297886638358096	2.90070146547682e-12	1.4	36037342.0	84.99029086426513	77.25498578203528	80.62044458307163	33229219	0.002707383	6724251.0	72141175.0	87.51414833501161	87.43348838960674	0.37602448357060836	82433728.0											
ES6_164_Control-protein_21_1																		77.00986039150692	52.0	50.0	27.27272727272727	41554569.0	0.9128359386906407	76.51420068618555	52.0	49.55942109035758	27.27272727272727	41216864.0
ES6_164_Control-protein_21_2																		72.7628796805615	56.0	50.0	18.181818181818183	41554569.0	1.9306212994291916	73.21361707435247	56.0	49.33721837740979	27.27272727272727	41216864.0
ES70_Blue-039_Control-lipid_0	119724291	106944259	0.2887026692664882	2.90070146547727e-12	1.39	48220455.0	86.07203922314453	76.67893059395942	82.05245263093775	44843194	0.001759094	10420565.0	96523694.0	88.307780102574	88.23204251975821	0.48148221406468794	109303726.0											
ES70_Blue-039_Control-lipid_0_1																		82.52084922829633	53.0	50.0	27.27272727272727	55078029.0	0.9026279426230013	82.15915554772539	53.0	49.56289978623418	27.27272727272727	54651863.0
ES70_Blue-039_Control-lipid_0_2																		78.69678355403369	57.0	50.0	18.181818181818183	55078029.0	1.8706300474187267	79.28731216886382	57.0	49.351669768329764	27.27272727272727	54651863.0
ES71_Blue-039_Control-lipid_14	84905205	75720697	0.2647496804427148	2.90070146547658e-12	1.43	34153130.0	85.92443536818641	76.73225922957255	82.13713326819989	31850156	0.001707615	7351595.0	68369102.0	88.15721408713276	88.07618368764523	0.5220079374770562	77553610.0											
ES71_Blue-039_Control-lipid_14_1																		80.13088759155372	52.0	50.0	36.36363636363637	39092259.0	0.9038461041609287	79.73505726834945	52.0	49.557604526726735	36.36363636363637	38776805.0
ES71_Blue-039_Control-lipid_14_2																		76.1999973292602	56.0	50.0	18.181818181818183	39092259.0	1.9365922035869045	76.8168063599312	56.0	49.33184464269297	27.27272727272727	38776805.0
ES72_Blue-039_Control-lipid_21	95321421	83761783	0.23568127561883978	2.90070146547698e-12	1.43	37257927.0	84.06656684629388	74.37045236663016	82.07034655579731	35358383	0.001751291	9155383.0	74606400.0	86.58446150210597	86.47937833697308	0.6609947645498102	86166038.0											
ES72_Blue-039_Control-lipid_21_1																		81.38980581773158	52.0	50.0	36.36363636363637	43565736.0	0.9370746313111754	80.96537474314833	52.0	49.55310309149876	36.36363636363637	43083019.0
ES72_Blue-039_Control-lipid_21_2																		75.91832445864625	56.0	50.0	18.181818181818183	43565736.0	2.248902807472368	76.84720222085686	56.0	49.287192849693284	27.27272727272727	43083019.0
ES73_Blue-042_MG-protein_0	116992616	104503490	0.25819621956782873	2.90070146547661e-12	1.36	47232084.0	86.01042667004609	76.89787362306694	82.10563427167249	43952463	0.00166292	9929408.0	94574082.0	88.33481059151525	88.23214787287151	0.4401810937703267	107063208.0											
ES73_Blue-042_MG-protein_0_1																		83.38480118910834	53.0	50.0	27.27272727272727	54067108.0	0.8836373493474072	82.98980184524618	53.0	49.56749028106836	27.27272727272727	53531604.0
ES73_Blue-042_MG-protein_0_2																		78.61375499890968	57.0	50.0	18.181818181818183	54067108.0	2.096345045864114	79.43919498720854	57.0	49.32107272556227	27.27272727272727	53531604.0
ES74_Blue-042_MG-protein_14	110379515	98087064	0.23526117979351313	2.9007014654768e-12	1.33	44121547.0	85.04281843797875	76.2342632145104	80.50914975180899	40513919	0.001768828	9735255.0	88351809.0	87.78623738701044	87.67821831071142	0.5430503438546819	100644260.0											
ES74_Blue-042_MG-protein_14_1																		81.50144724670606	52.0	50.0	36.36363636363637	50856622.0	0.9342810853619022	81.08783602098465	52.0	49.557813769011766	36.36363636363637	50322130.0
ES74_Blue-042_MG-protein_14_2																		76.06884854469797	56.0	50.0	18.181818181818183	50856622.0	2.1747788911343737	76.83180186615108	56.0	49.301909418381136	27.27272727272727	50322130.0
ES75_Blue-042_MG-protein_21	106056434	95426962	0.260684890845442	2.90070146547678e-12	1.32	43017130.0	86.82332844048763	77.38024078765461	82.89276436252212	40094281	0.001616377	9318724.0	86108238.0	89.01206985362792	88.93559709031773	0.5356225612535174	96737710.0											
ES75_Blue-042_MG-protein_21_1																		82.77487448239302	53.0	50.0	36.36363636363637	48752999.0	0.893172500013794	82.44028170147016	53.0	49.56483389983079	27.27272727272727	48368855.0
ES75_Blue-042_MG-protein_21_2																		78.89170536701994	57.0	50.0	18.181818181818183	48752999.0	1.8630520350142972	79.5226913587064	57.0	49.362062695095844	27.27272727272727	48368855.0
ES76_Blue-043_MG-lipid_0	90768021	80898008	0.4173889185851722	2.90070146547688e-12	1.33	36367044.0	85.5660030857192	76.46090025472738	80.86485480993018	33429907	0.0023087	8087091.0	72810917.0	88.0625278404585	87.96960556684594	0.5822793720389937	82680930.0											
ES76_Blue-043_MG-lipid_0_1																		78.09164785081023	52.0	50.0	36.36363636363637	41698955.0	0.9213558469270992	77.63676291316655	53.0	49.55707808318073	36.36363636363637	41340465.0
ES76_Blue-043_MG-lipid_0_2																		74.30677121825504	56.0	50.0	18.181818181818183	41698955.0	1.9829643212881474	74.89976681818314	56.0	49.32632281712361	27.27272727272727	41340465.0
ES77_Blue-043_MG-lipid_14	100731246	90220544	0.5618722320163886	2.90070146547675e-12	1.35	41122585.0	86.28789108516688	77.88529688196253	80.40977508821223	37325198	0.00249234	7893782.0	82326762.0	88.67838311481665	88.59049618158463	0.36404484293108225	92837464.0											
ES77_Blue-043_MG-lipid_14_1																		77.17315030120548	53.0	50.0	27.27272727272727	46808497.0	0.9509603352570796	76.65827142827897	53.0	49.55741376132377	27.27272727272727	46418732.0
ES77_Blue-043_MG-lipid_14_2																		73.93610562217194	56.0	50.0	18.181818181818183	46808497.0	1.9184982162533437	74.44065068244238	56.0	49.34439350906871	27.27272727272727	46418732.0
ES78_Blue-043_MG-lipid_21	109714492	98245471	0.5587743556679378	2.90070146547661e-12	1.34	44751183.0	86.16515152839149	77.87224134437956	79.8924909498275	40362153	0.002402712	8673324.0	89572147.0	88.64916031057757	88.58009836149162	0.39523395058141053	101041168.0											
ES78_Blue-043_MG-lipid_21_1																		77.66507546517103	52.0	50.0	27.27272727272727	50869044.0	0.9127414307215996	77.1958829241136	52.0	49.55542538859012	27.27272727272727	50520584.0
ES78_Blue-043_MG-lipid_21_2																		74.58237961462999	56.0	50.0	27.27272727272727	50869044.0	1.770555782412581	75.04439696615938	56.0	49.36841634688942	27.27272727272727	50520584.0
ES79_Blue-050_Control-lipid_0	86117180	74975782	0.6431770181364095	2.90070146547676e-12	1.38	33740260.0	82.39213021394035	74.6912822737577	79.51144175505695	31281459	0.006623928	7433010.0	67542772.0	85.84035645289262	85.76124015796316	0.5267412746426632	78684170.0											
ES79_Blue-050_Control-lipid_0_1																		78.5674581993384	52.0	50.0	36.36363636363637	39723303.0	0.9151096020388839	78.19470515279127	53.0	49.553588224925036	36.36363636363637	39342085.0
ES79_Blue-050_Control-lipid_0_2																		73.60971036569681	56.0	50.0	27.27272727272727	39723303.0	2.1010511638470746	74.3830290480193	56.0	49.30811432591842	36.36363636363637	39342085.0
ES7_SEM19-1354_Control-protein_14	94431852	86195833	0.3825354496804694	2.90070146547702e-12	1.42	39134255.0	88.5937863918104	78.86477753290278	82.86306824634975	35866414	0.002530487	7863940.0	78331893.0	90.486060239041	90.41284257843715	0.3929758638512616	86567912.0											
ES7_SEM19-1354_Control-protein_14_1																		79.80007960102854	53.0	50.0	27.27272727272727	43586968.0	0.9004810336887851	79.37583478602438	53.0	49.56060240889257	27.27272727272727	43283956.0
ES7_SEM19-1354_Control-protein_14_2																		76.61927201256078	56.0	50.0	18.181818181818183	43586968.0	1.7906504990207164	77.14960012427241	56.0	49.363576471614564	27.27272727272727	43283956.0
ES80_Blue-050_Control-lipid_14	92268235	81426320	0.7611214819281669	2.90070146547685e-12	1.35	36745626.0	83.88706000989269	75.89643174598496	80.84809596610998	34117544	0.006603204	7869107.0	73557213.0	87.15399642517635	87.07584277411019	0.4702264222445521	84399128.0											
ES80_Blue-050_Control-lipid_14_1																		81.21102388953399	53.0	50.0	36.36363636363637	42584696.0	0.8919329141154372	80.82756414266609	53.0	49.56206350852345	27.27272727272727	42199564.0
ES80_Blue-050_Control-lipid_14_2																		76.10095321980285	57.0	50.0	27.27272727272727	42584696.0	2.0625024069679867	76.77893914764614	57.0	49.309206867634934	36.36363636363637	42199564.0
ES81_Blue-047_Control-lipid_0	98689400	88497925	0.2917749323299071	2.90070146547669e-12	1.34	40114947.0	86.39433244677139	77.60117094642382	82.38010504241686	37290727	0.001692899	8156068.0	80341857.0	88.74284777235417	88.6191772992515	0.45966385065778864	90533332.0											
ES81_Blue-047_Control-lipid_0_1																		82.21596167476547	53.0	50.0	27.27272727272727	45744603.0	0.882380857037933	81.84882893690101	53.0	49.5700014001473	27.27272727272727	45266666.0
ES81_Blue-047_Control-lipid_0_2																		77.14647676087912	57.0	50.0	18.181818181818183	45744603.0	2.180377387907378	77.9723203633975	57.0	49.2964854756478	27.27272727272727	45266666.0
ES82_Blue-047_Control-lipid_14	64282144	56744563	0.284324657919841	2.90070146547699e-12	1.46	26135571.0	85.3637499038499	77.71146525542147	83.5151748036992	25002758	0.001708278	4406180.0	52338383.0	87.41134088463276	87.29904039624314	0.25625975725417965	59875964.0											
ES82_Blue-047_Control-lipid_14_1																		81.91306268396984	57.0	50.0	27.27272727272727	30270088.0	0.8464311038672897	81.49608290912819	57.0	49.587917248397034	27.27272727272727	29937982.0
ES82_Blue-047_Control-lipid_14_2																		76.10872359491428	60.0	50.0	27.27272727272727	30270088.0	2.2414343823513168	77.01770215469043	60.0	49.29203351114314	36.36363636363637	29937982.0
ES83_SEM19-1481_MG-lipid_0	102522599	92383311	0.5646411411149047	2.90070146547665e-12	1.36	41815183.0	87.15310344566699	77.79469773293593	83.33030850577461	39105493	0.002361609	8666009.0	83717302.0	89.19704199779686	89.1044155769989	0.47515043962283304	93856590.0											
ES83_SEM19-1481_MG-lipid_0_1																		80.75417084319272	53.0	50.0	27.27272727272727	47362824.0	0.88443864749281	80.36793728495948	53.0	49.56549695658025	27.27272727272727	46928295.0
ES83_SEM19-1481_MG-lipid_0_2																		76.65438427059598	57.0	50.0	18.181818181818183	47362824.0	2.025844193749933	77.46349959079846	57.0	49.32967483689744	27.27272727272727	46928295.0
ES84_LD19-239_MG-lipid_0	102170962	91004509	0.45750664976046485	2.90070146547678e-12	1.35	40764181.0	85.60602087934316	75.97266824207841	82.32817405006018	38188718	0.002472868	9399032.0	81605477.0	87.96354349855608	87.88042029523369	0.588131560915031	92771930.0											
ES84_LD19-239_MG-lipid_0_1																		79.84717497566001	52.0	50.0	36.36363636363637	46804558.0	0.909259393070222	79.44274121437365	52.0	49.55665240552827	36.36363636363637	46385965.0
ES84_LD19-239_MG-lipid_0_2																		75.48436663681854	56.0	50.0	18.181818181818183	46804558.0	1.9988824165372954	76.1598308116503	56.0	49.33417448575232	27.27272727272727	46385965.0
ES85_orange-24_Control-protein_0	97122027	86612022	0.7130847719356259	2.90070146547698e-12	1.33	39642652.0	86.0738207614955	77.82259733932447	81.27270547856395	36511320	0.002000812	7273117.0	79338905.0	88.3025792967327	88.24292247952702	0.3110087812974025	89848910.0											
ES85_orange-24_Control-protein_0_1																		79.78441488077648	54.0	50.0	27.27272727272727	45239225.0	0.9442584836499741	79.36747988298677	54.0	49.5672255790304	27.27272727272727	44924455.0
ES85_orange-24_Control-protein_0_2																		76.6814821092032	57.0	50.0	18.181818181818183	45239225.0	1.757768264155719	77.13781017618992	57.0	49.37197245909828	27.27272727272727	44924455.0
ES86_orange-24_Control-protein_14	77582105	68847412	0.875999881303922	2.90070146547677e-12	1.38	31087639.0	85.46338712389307	76.12309823251123	81.09657891003785	28772741	0.001834025	6622907.0	62224505.0	87.6905415419154	87.6211678717113	0.4027117104677536	70959198.0											
ES86_orange-24_Control-protein_14_1																		79.55692174346332	53.0	50.0	27.27272727272727	35737652.0	0.9367834238242624	79.17471548117533	54.0	49.563563218400525	27.27272727272727	35479599.0
ES86_orange-24_Control-protein_14_2																		76.3248575776829	57.0	50.0	18.181818181818183	35737652.0	1.8134790164725987	76.79843054684582	57.0	49.356001092346055	27.27272727272727	35479599.0
ES87_orange-24_Control-protein_21	94563781	84002560	0.8114042123376778	2.90070146547689e-12	1.34	38405708.0	85.68966770700108	77.3437115421601	81.32155139059228	35549926	0.001782272	7133265.0	76869295.0	87.92044073032807	87.85424073214895	0.291901514112075	87430516.0											
ES87_orange-24_Control-protein_21_1																		80.54944869700175	54.0	50.0	27.27272727272727	44212800.0	1.2977271740310499	80.06319523366155	54.0	49.56655305568596	27.27272727272727	43715258.0
ES87_orange-24_Control-protein_21_2																		76.89028408764833	57.0	50.0	18.181818181818183	44212800.0	2.018410143668802	77.57237379989238	57.0	49.36049836420958	27.27272727272727	43715258.0
ES88_610_MG-protein_0	105152979	95403995	0.4858624811837541	2.90070146547696e-12	1.34	43938808.0	88.04991314033114	79.8315984942281	82.41236929893167	40251603	0.001656918	7469577.0	87934418.0	90.01981523944058	89.96166615900621	0.2530573208332773	97683402.0											
ES88_610_MG-protein_0_1																		81.55061617020559	53.0	50.0	27.27272727272727	49105301.0	0.8571700639814834	81.13409493591165	54.0	49.577303747058274	27.27272727272727	48841701.0
ES88_610_MG-protein_0_2																		78.58530836344868	57.0	50.0	18.181818181818183	49105301.0	1.6034835424387277	78.87763862408937	57.0	49.398063060907724	27.27272727272727	48841701.0
ES89_Blue-049_Control-protein_0	231760	19164					0.7377661561449383		1.67654194060406	1859	0.006295998	9994.0	9170.0	4.1349891326894115	4.1277743206803565	0.4265757600353526	221766.0											
ES89_Blue-049_Control-protein_0_1																		84.9968418603105	48.0	50.0	36.36363636363637	300810.0	61.70802167481134	63.80419000207426	49.0	49.32486494773771	45.45454545454545	110883.0
ES89_Blue-049_Control-protein_0_2																		39.55092373630155	56.0	50.0	36.36363636363637	300810.0	24.330228383364915	60.891209653418464	60.0	48.26915758051279	36.36363636363637	110883.0
ES8_SEM19-1354_Control-protein_21	99669727	90223871	0.37105968147095164	2.90070146547679e-12	1.35	41058910.0	87.52204806115522	78.40713359232939	81.62916885251973	37404992	0.002517905	8023585.0	82200286.0	89.69312205198993	89.60313899520177	0.35172675353862687	91646142.0											
ES8_SEM19-1354_Control-protein_21_1																		79.63277004986088	53.0	50.0	27.27272727272727	46215514.0	0.9034451937503064	79.20932807784538	53.0	49.564900811645735	27.27272727272727	45823071.0
ES8_SEM19-1354_Control-protein_21_2																		75.67697458957008	56.0	50.0	18.181818181818183	46215514.0	1.9424262164432489	76.32747247267942	56.0	49.34388688178494	27.27272727272727	45823071.0
ES90_Blue-049_Control-protein_14	98399413	86653983	0.2597118562795345	2.90070146547676e-12	1.33	38569541.0	84.13404514669459	74.43419809831589	81.18356637412607	36126808	0.001651396	9399115.0	77254868.0	86.80293182838557	86.67283563477507	0.5715666255409616	89000298.0											
ES90_Blue-049_Control-protein_14_1																		81.83953512142567	53.0	50.0	36.36363636363637	45021520.0	0.8947086193447045	81.42042394051627	53.0	49.560989110396015	36.36363636363637	44500149.0
ES90_Blue-049_Control-protein_14_2																		76.82370738309957	57.0	50.0	18.181818181818183	45021520.0	2.3289095970104965	77.75806503140672	57.0	49.267791934809026	27.27272727272727	44500149.0
ES91_Blue-049_Control-protein_21	94103350	83550167	0.2716510982194922	2.90070146547701e-12	1.36	37093542.0	85.22903896120744	74.99360437221416	82.37776751788655	34935538	0.001647462	9285470.0	74264697.0	87.55783214576927	87.46632667546041	0.6858094071674511	84817880.0											
ES91_Blue-049_Control-protein_21_1																		81.61943743146922	52.0	50.0	36.36363636363637	42838386.0	0.9615585890654237	81.27991876155966	53.0	49.5553407606981	36.36363636363637	42408940.0
ES91_Blue-049_Control-protein_21_2																		77.07446962358539	57.0	50.0	18.181818181818183	42838386.0	2.0921067381016645	77.89991390124639	57.0	49.32227329897894	27.27272727272727	42408940.0
ES92_SEM19-76_MG-lipid_0	109231938	98469208	0.5949909428988684	2.90070146547682e-12	1.32	43971210.0	87.19331159473816	76.3424448259812	84.71280352523664	41862089	0.001833021	10398970.0	88070238.0	89.11018234320353	88.98085505233436	0.5124059413049298	98832968.0											
ES92_SEM19-76_MG-lipid_0_1																		83.30869714057792	53.0	50.0	27.27272727272727	50014098.0	0.9041517453738743	82.94042233335014	53.0	49.56644983078925	27.27272727272727	49416484.0
ES92_SEM19-76_MG-lipid_0_2																		78.12921558974075	57.0	50.0	27.27272727272727	50014098.0	2.3324597796405326	79.08132117480942	57.0	49.27736945024255	36.36363636363637	49416484.0
ES93_SEM19-76_MG-lipid_14	104687417	92989333	0.5245224009842029	2.90070146547667e-12	1.35	41925465.0	85.52684666615727	76.33506899878904	82.06523183919879	39235787	0.001903118	9066443.0	83922890.0	87.76619447528321	87.69093901929926	0.4991499040785759	95620974.0											
ES93_SEM19-76_MG-lipid_14_1																		81.1962392311465	53.0	50.0	27.27272727272727	48222631.0	0.9039810789253702	80.8026438571671	53.0	49.559710174046124	27.27272727272727	47810487.0
ES93_SEM19-76_MG-lipid_14_2																		76.93101260746792	57.0	50.0	18.181818181818183	48222631.0	1.9465571258440877	77.63286463126698	57.0	49.34551586977142	27.27272727272727	47810487.0
ES94_SEM19-76_MG-lipid_21	109807418	98365432	0.5574038509006886	2.90070146547709e-12	1.4	43515067.0	86.22567463142214	75.13043608766031	82.70080225344294	40763151	0.001961173	11227598.0	87137834.0	88.39317620989773	88.28392464096608	0.6496015107351586	98579820.0											
ES94_SEM19-76_MG-lipid_21_1																		82.20430027347983	52.0	50.0	36.36363636363637	49787416.0	0.9330211473517727	81.86401448500152	52.0	49.548951032777296	36.36363636363637	49289910.0
ES94_SEM19-76_MG-lipid_21_2																		77.93807666996679	56.0	50.0	27.27272727272727	49787416.0	2.1589418900551096	78.66884892488775	56.0	49.290758189657886	36.36363636363637	49289910.0
ES95_610_MG-protein_14	108035486	95797362	0.516577454045242	2.90070146547688e-12	1.36	43647786.0	85.23781715005669	77.07017673803958	80.47244019865619	40078849	0.001823442	8426604.0	87370758.0	87.71382254847514	87.6383413278346	0.38035664329612695	99608882.0											
ES95_610_MG-protein_14_1																		80.47536029915125	53.0	50.0	27.27272727272727	50223799.0	0.8850849773431116	80.0129159970286	53.0	49.56511864072523	27.27272727272727	49804441.0
ES95_610_MG-protein_14_2																		75.73597811541683	57.0	50.0	18.181818181818183	50223799.0	1.9283344137308291	76.44389455348119	57.0	49.34897719261622	27.27272727272727	49804441.0
ES96_610_MG-protein_21	104005365	93839842	0.5077058723283224	2.9007014654769e-12	1.4	43043600.0	87.31650006522125	79.18338058810717	81.81422092053317	39423790	0.00246443	7631435.0	86208407.0	89.45199910390704	89.32623168942058	0.36212697770029717	96373930.0											
ES96_610_MG-protein_21_1																		78.96488611476487	52.0	50.0	27.27272727272727	48710026.0	0.9157827589745076	78.4900954074718	52.0	49.55969683917632	27.27272727272727	48186965.0
ES96_610_MG-protein_21_2																		74.00554194672787	55.0	50.0	27.27272727272727	48710026.0	2.2424898315595234	74.72838923868683	55.0	49.275885169360635	27.27272727272727	48186965.0
ES97_SEM19-107_MG-protein_0	107583873	97011536	0.6429171313464407	2.90070146547657e-12	1.36	42202702.0	86.5465346388909	74.12568424637399	81.7179580896558	38824778	0.00238124	12562463.0	84449073.0	88.87373172004078	88.82777470887876	0.8431805000578292	95021410.0											
ES97_SEM19-107_MG-protein_0_1																		78.75838752865509	51.0	50.0	36.36363636363637	47762041.0	0.9309870153999491	78.40163025010735	51.0	49.544330461945364	36.36363636363637	47510705.0
ES97_SEM19-107_MG-protein_0_2																		76.29502353547325	55.0	50.0	18.181818181818183	47762041.0	1.5850298357224724	76.51969378072175	55.0	49.4034996533939	27.27272727272727	47510705.0
ES98_SEM19-107_MG-protein_14	122896415	110054676	0.6177347505009478	2.90070146547676e-12	1.31	49802366.0	86.01338123459793	77.13821757941433	79.33989838852467	44628650	0.002670985	10396523.0	99658153.0	88.58510993059441	88.53762455167512	0.43163330325686	112499892.0											
ES98_SEM19-107_MG-protein_14_1																		77.78063168772395	52.0	50.0	27.27272727272727	56505354.0	0.9050386269591374	77.3684367953088	52.0	49.55563009784934	27.27272727272727	56249946.0
ES98_SEM19-107_MG-protein_14_2																		75.74277033931541	56.0	50.0	27.27272727272727	56505354.0	1.5289839260187628	75.9039506947358	56.0	49.40283496449934	27.27272727272727	56249946.0
ES99_SEM19-107_MG-protein_21	107128840	95434966	0.6419686253982853	2.90070146547685e-12	1.33	40718623.0	84.75509736260068	71.63284135252468	80.57001416090924	37535478	0.00249371	13954032.0	81480934.0	87.44953249595106	87.40264428556698	1.0850829979708678	93174808.0											
ES99_SEM19-107_MG-protein_21_1																		77.65206076141718	51.0	50.0	36.36363636363637	46852208.0	0.9623587430500606	77.31095199962853	51.0	49.54132492550991	36.36363636363637	46587404.0
ES99_SEM19-107_MG-protein_21_2																		74.95416365651491	55.0	50.0	18.181818181818183	46852208.0	1.6175037471019509	75.27313544435813	56.0	49.39940134891397	27.27272727272727	46587404.0
ES9_172_Control-protein_0	100399337	91574167	0.4383489491141585	2.90070146547685e-12	1.41	40799098.0	88.51782703864453	76.50014461748886	83.502017836268	37785453	0.001868498	9897445.0	81676722.0	90.2486348020216	90.16186755521089	0.3856339268575733	90501892.0											
ES9_172_Control-protein_0_1																		80.40469946813774	53.0	50.0	27.27272727272727	45596036.0	0.9031679420553138	80.03826661366844	53.0	49.55659209864916	27.27272727272727	45250946.0
ES9_172_Control-protein_0_2																		76.78168105394181	56.0	50.0	27.27272727272727	45596036.0	1.8504849412786673	77.37377322136778	56.0	49.35685306998886	27.27272727272727	45250946.0
Sample				dupRadar_intercept																								
