Sample	total_records	qc_failed	optical_pcr_duplicate	non_primary_hits	unmapped_reads	mapq_lt_mapq_cut_non-unique	mapq_gte_mapq_cut_unique	read_1	read_2	reads_map_to_sense	reads_map_to_antisense	non-splice_reads	splice_reads	reads_mapped_in_proper_pairs	proper-paired_reads_map_to_different_chrom	unique_percent	proper_pairs_percent
ES100_SEM19-140_Control-lipid_0	100805572	0	0	10533856	8962538	4407300	76901878	38476003	38425875	38458751	38443127	65911344	10990534	76849660	0	76.28732864092076	76.2355279329202
ES101_SEM19-140_Control-lipid_14	96222658	0	0	10611514	9383652	3991641	72235851	36131274	36104577	36120826	36115025	62130950	10104901	72206976	0	75.0715605881517	75.04155206354828
ES102_SEM19-140_Control-lipid_21	105805540	0	0	10257496	11530992	4229787	79787265	39934549	39852716	39905428	39881837	68401346	11385919	79703344	0	75.40934529515184	75.33002903250625
ES103_625_Control-lipid_0	113890487	0	0	12285251	10413457	5012256	86179523	43102667	43076856	43092581	43086942	73718483	12461040	86151382	0	75.66876327431983	75.64405445030717
ES104_625_Control-lipid_14	89481290	0	0	8413284	10344092	3661025	67062889	33575126	33487763	33542829	33520060	57320804	9742085	66973996	0	74.94626977326769	74.84692721796925
ES105_625_Control-lipid_21	114369248	0	0	7921390	9299979	4530117	92617762	46322896	46294866	46312036	46305726	79289843	13327919	92589180	0	80.98135086102866	80.95635987743837
ES10_172_Control-protein_14	94176199	0	0	9134163	8943931	3827235	72270870	36168728	36102142	36145694	36125176	61769134	10501736	72202238	0	76.74005828160468	76.66718211891308
ES11_172_Control-protein_21	106281550	0	0	10773258	11352550	4323240	79832502	39973319	39859183	39934620	39897882	68360848	11471654	79716138	0	75.1141679811783	75.00468143341907
ES12_209_MG-lipid_0	104767489	0	0	8742583	9588674	4030361	82405871	41237602	41168269	41214288	41191583	70352997	12052874	82335114	0	78.6559569066316	78.58841973391192
ES13_209_MG-lipid_14	103940610	0	0	9037342	10398026	4347028	80158214	40121186	40037028	40089744	40068470	68385965	11772249	80072700	0	77.11924530748857	77.03697332544036
ES14_209_MG-lipid_21	87322400	0	0	7716392	8517181	3438163	67650664	33856590	33794074	33834914	33815750	57910597	9740067	67586762	0	77.47229118759907	77.3991117972021
ES15_601_Control-protein_14	97039727	0	0	8301587	10477455	3785638	74475047	37283796	37191251	37252587	37222460	63309270	11165777	74380902	0	76.74696673456222	76.64994976748028
ES16_601_Control-protein_21	105570590	0	0	8376278	10126701	3964848	83102763	41585114	41517649	41561613	41541150	70491208	12611555	83033838	0	78.71772147905965	78.6524334097214
ES17_615_Control-protein_0	101091893	0	0	8907375	9553646	4048215	78582657	39321622	39261035	39300501	39282156	67283075	11299582	78520618	0	77.73388613862438	77.67251722153428
ES18_615_Control-protein_14	96316989	0	0	7625345	10738718	3412683	74540243	37323388	37216855	37282148	37258095	64019399	10520844	74432248	0	77.39054529621976	77.2784207363459
ES19_615_Control-protein_21	94937744	0	0	8534128	11415679	3462184	71525753	35813685	35712068	35776873	35748880	61201799	10323954	71422108	0	75.33963836343109	75.23046682044604
ES1_48_Control-lipid_0	110544922	0	0	9384356	11794162	4447522	84918882	42494308	42424574	42468591	42450291	72239282	12679600	84847690	0	76.81843766645382	76.75403669831165
ES20_618_Control-lipid_0	103070175	0	0	8013577	9464217	3904453	81687928	40875007	40812921	40854763	40833165	69677636	12010292	81624442	0	79.25467090746669	79.193075979545
ES21_618_Control-lipid_14	72511283	0	0	6037145	6536979	2761371	57175788	28602336	28573452	28592886	28582902	48452626	8723162	57145522	0	78.85088448924562	78.80914477819955
ES22_618_Control-lipid_21	101292447	0	0	9430221	10789378	3882002	77190846	38633336	38557510	38606687	38584159	65916404	11274442	77112760	0	76.20592481095852	76.12883515391825
ES23_Blue-010_Control-lipid_0	99261015	0	0	8035351	9589638	3774318	77861708	38965351	38896357	38940429	38921279	66808194	11053514	77791336	0	78.44137801734145	78.37048210719989
ES24_Blue-010_Control-lipid_21	107735433	0	0	8830997	10550459	4129868	84224109	42146331	42077778	42122350	42101759	71978912	12245197	84154102	0	78.17679537241939	78.11181489380564
ES25_619_MG-lipid_0	95436179	0	0	7834839	8130605	3677656	75793079	37928655	37864424	37908297	37884782	64522547	11270532	75727532	0	79.4175540074797	79.34887250672514
ES26_619_MG-lipid_14	96446554	0	0	8691244	9563352	3705078	74486880	37284537	37202343	37255818	37231062	63690453	10796427	74402952	0	77.23125079201897	77.14423057562016
ES27_619_MG-lipid_21	97744122	0	0	8410072	9135434	3803233	76395383	38227037	38168346	38206211	38189172	65452379	10943004	76335194	0	78.15854440843	78.09696628100052
ES28_Blue-098_Control-lipid_0	116887200	0	0	8655222	13232513	4220886	90778579	45426609	45351970	45397665	45380914	77454902	13323677	90702740	0	77.66340454729004	77.59852233606416
ES29_Blue-098_Control-lipid_14	111968320	0	0	8130612	11224233	4149953	88463522	44247553	44215969	44235844	44227678	75439821	13023701	88431070	0	79.00763537400579	78.97865217590119
ES2_48_Control-lipid_14	99868493	0	0	9439073	9965288	4232282	76231850	38157104	38074746	38129425	38102425	64714249	11517601	76147722	0	76.33223222863691	76.24799344874464
ES30_Blue-098_Control-lipid_21	76642542	0	0	6070012	9425075	2655555	58491900	29288865	29203035	29256790	29235110	49940681	8551219	58404866	0	76.31779749685234	76.20423915480256
ES31_Blue-055_NA_0	100084835	0	0	7084901	6837359	4031696	82130879	41073197	41057682	41067907	41062972	69942137	12188742	82114884	0	82.06126232810395	82.0452808859604
ES32_Blue-055_NA_14	103890894	0	0	8423178	10946245	4250245	80271226	40166408	40104818	40144626	40126600	68209379	12061847	80208532	0	77.26492949420572	77.2045834931404
ES33_101-LS_MG-lipid_0	104259625	0	0	8464125	8705803	4032787	83056910	41554584	41502326	41538565	41518345	70411678	12645232	83003270	0	79.66354185524838	79.6120933678785
ES34_101-LS_MG-lipid_14	96730393	0	0	6973149	8251324	3619134	77886786	38957543	38929243	38947821	38938965	66254699	11632087	77857652	0	80.51945576195477	80.48933699669762
ES35_101-LS_MG-lipid_21	99281795	0	0	9113891	9088581	3842890	77236433	38649930	38586503	38628249	38608184	66018516	11217917	77171096	0	77.79516174138472	77.72935209320097
ES36_AR17-21_MG-lipid_0	91664382	0	0	7408470	9273881	3458085	71523946	35800599	35723347	35774505	35749441	61109745	10414201	71445594	0	78.02806765227524	77.94259061278568
ES37_AR17-21_MG-lipid_14	102448650	0	0	7888526	11224861	3677203	79658060	39871439	39786621	39840582	39817478	67847371	11810689	79571742	0	77.75413341220211	77.6698785196291
ES38_AR17-21_MG-lipid_21	94980927	0	0	7859215	10595962	3480471	73045279	36552944	36492335	36530547	36514732	62422206	10623073	72983116	0	76.90520750550266	76.83975962879369
ES39_LD19-239_MG-lipid_14	97930615	0	0	7378467	10623642	3553995	76374511	38227787	38146724	38196255	38178256	65436739	10937772	76292230	0	77.98839106647088	77.90437137559077
ES3_48_Control-lipid_21	91886681	0	0	7688121	9422920	3474298	71301342	35683267	35618075	35660091	35641251	60875220	10426122	71234768	0	77.597037159281	77.52458487427573
ES40_LD19-239_MG-lipid_21	114054883	0	0	8812233	11690867	4378752	89173031	44630582	44542449	44598770	44574261	76379448	12793583	89083586	0	78.18431675564473	78.10589398438995
ES41_Blue-013_Control-protein_0	108741847	0	0	10543361	11429057	4242739	82526690	41308855	41217835	41277472	41249218	70525352	12001338	82433650	0	75.89230114879325	75.80674071132891
ES42_Blue-013_Control-protein_14	95138173	0	0	8196925	9339098	3873169	73728981	36896249	36832732	36871657	36857324	63373920	10355061	73664374	0	77.49673834917978	77.42882975059864
ES43_Blue-013_Control-protein_21	101257171	0	0	8058167	9727680	3703456	79767868	39925327	39842541	39895182	39872686	68230580	11537288	79683636	0	78.77750011404132	78.69431390691332
ES44_Blue-015_MG-lipid_0	106561389	0	0	8091049	10139346	4058768	84272226	42166098	42106128	42142626	42129600	72212341	12059885	84211128	0	79.08326532793224	79.02592936358965
ES45_Blue-015_MG-lipid_14	116293063	0	0	8741877	8542582	4843207	94165397	47092158	47073239	47085133	47080264	80568745	13596652	94145880	0	80.97249704395524	80.95571444360357
ES46_Blue-015_MG-lipid_21	99428617	0	0	7618631	10020277	3683453	78106256	39075438	39030818	39056915	39049341	67387757	10718499	78060554	0	78.55510652431181	78.50914189020652
ES47_Blue-45_MG-protein_0	92221030	0	0	6304962	8439605	3313181	74163282	37101490	37061792	37085876	37077406	63812144	10351138	74122902	0	80.41905626081166	80.37527015258884
ES48_Blue-45_MG-protein_14	97098512	0	0	6541494	9750156	3557412	77249450	38650059	38599391	38630393	38619057	65873569	11375881	77197944	0	79.55781031948254	79.5047652223548
ES49_Blue-024_Control-protein_0	97746419	0	0	9470781	10407956	3803930	74063752	37070319	36993433	37045795	37017957	63114604	10949148	73984686	0	75.77132007260542	75.69043117579581
ES4_164_Control-protein_0	99027646	0	0	9648800	10662565	4009126	74707155	37395647	37311508	37366133	37341022	63796934	10910221	74620888	0	75.44070571969367	75.35359166267568
ES50_Blue-024_Control-protein_14	86589785	0	0	7826147	10111656	3084187	65567795	32817314	32750481	32794431	32773364	56020052	9547743	65499172	0	75.72232105669278	75.64307036909723
ES51_Blue-024_Control-protein_21	84354926	0	0	7862412	9354873	3041380	64096261	32079770	32016491	32058320	32037941	54834276	9261985	64031054	0	75.9840166299239	75.90671586861448
ES52_SEM19-1481_MG-lipid_14	98532650	0	0	8515872	10486221	3806343	75724214	37910048	37814166	37875967	37848247	64924882	10799332	75626762	0	76.85190035993146	76.75299710299073
ES53_SEM19-74_MG-protein_0	88745659	0	0	6522461	8018323	3280294	70924581	35499179	35425402	35473993	35450588	60348535	10576046	70849794	0	79.91892989379909	79.83465872961742
ES54_SEM19-74_MG-protein_14	92854001	0	0	7627815	8598363	3472157	73155666	36614884	36540782	36590119	36565547	62468587	10687079	73080090	0	78.78569066722284	78.70429837482178
ES55_SEM19-74_MG-protein_21	85585273	0	0	9614273	9142303	3752867	63075830	31576605	31499225	31548882	31526948	53814531	9261299	62996012	0	73.69939685768134	73.60613548548241
ES56_Blue-050_Control-lipid_21	105140135	0	0	8061933	13057258	3957436	80063508	40072398	39991110	40045510	40017998	68208554	11854954	79980842	0	76.14932965418011	76.07070506424593
ES57_Blue-031_MG-lipid_0	113946682	0	0	8743662	9655858	4361847	91185315	45619368	45565947	45601609	45583706	77212029	13973286	91130666	0	80.02454604163024	79.97658589128555
ES58_Blue-032_MG-protein_0	111964990	0	0	12116692	13226663	4596249	82025386	41057083	40968303	41025514	40999872	70037390	11987996	81933646	0	73.25985203053204	73.17791570382849
ES59_Blue-032_MG-protein_14	103017713	0	0	8658517	10978139	3685711	79695346	39896734	39798612	39862273	39833073	67926558	11768788	79595326	0	77.36081852253893	77.26372842309168
ES5_164_Control-protein_14	91344581	0	0	7311789	9900575	3591728	70540489	35300871	35239618	35277796	35262693	60198591	10341898	70478164	0	77.22460186226044	77.15637121374502
ES60_Blue-032_MG-protein_21	92550961	0	0	7704029	10541449	3176865	71128618	35604052	35524566	35575475	35553143	60842623	10285995	71047416	0	76.85346238598214	76.76572477729323
ES61_Blue-035_MG-protein_0	83693212	0	0	6025556	8134749	3068967	66463940	33258776	33205164	33238226	33225714	57014870	9449070	66409434	0	79.41377611364706	79.34865016293078
ES62_Blue-035_MG-protein_14	96461551	0	0	7539031	10941079	3438914	74542527	37310865	37231662	37280544	37261983	63961987	10580540	74462126	0	77.27693182126005	77.193581513115
ES63_Blue-035_MG-protein_21	88204269	0	0	6354593	9954626	3129506	68765544	34409531	34356013	34388302	34377242	58917259	9848285	68711046	0	77.96169593560148	77.89990981048774
ES64_SEM19-1481_MG-lipid_21	101902023	0	0	9325119	10025039	4302701	78249164	39161529	39087635	39135916	39113248	67035046	11214118	78173854	0	76.78862665955121	76.71472233676853
ES65_106_NA_0	99215360	0	0	8346430	11433574	3668209	75767147	37928409	37838738	37897043	37870104	64460076	11307071	75675624	0	76.36634791225875	76.27410110692537
ES66_617_Control-protein_14	94701436	0	0	8911834	10067700	3746546	71975356	36035971	35939385	36004365	35970991	61509515	10465841	71876968	0	76.00239134705411	75.89849851907209
ES67_Blue-037_MG-protein_0	94061442	0	0	8730752	12364102	3486175	69480413	34782255	34698158	34749382	34731031	59754087	9726326	69394514	0	73.86705064547064	73.77572842227956
ES68_Blue-037_MG-protein_14	83937887	0	0	7038335	10318794	3008053	63572705	31824343	31748362	31792831	31779874	54434604	9138101	63495228	0	75.7377952580579	75.64549248183958
ES69_Blue-037_MG-protein_21	90353668	0	0	8006878	11646041	3369271	67331478	33695873	33635605	33670739	33660739	57801196	9530282	67269568	0	74.51991655723373	74.45139692613255
ES6_164_Control-protein_21	89157979	0	0	6724251	10292553	3198360	68942815	34502818	34439997	34477965	34464850	59206679	9736136	68878984	0	77.32657892570668	77.25498578203528
ES70_Blue-039_Control-lipid_0	119724291	0	0	10420565	12780032	4641150	91882544	45979852	45902692	45952664	45929880	78246128	13636416	91803306	0	76.74511432270667	76.67893059395942
ES71_Blue-039_Control-lipid_14	84905205	0	0	7351595	9184508	3159008	65210094	32634541	32575553	32613492	32596602	55715101	9494993	65149682	0	76.80341152229713	76.73225922957255
ES72_Blue-039_Control-lipid_21	95321421	0	0	9155383	11559638	3628491	70977909	35531274	35446635	35501537	35476372	60410426	10567483	70890972	0	74.4616564203339	74.37045236663016
ES73_Blue-042_MG-protein_0	116992616	0	0	9929408	12489126	4503783	90070299	45086921	44983378	45050977	45019322	76701996	13368303	89964834	0	76.98802033796731	76.89787362306694
ES74_Blue-042_MG-protein_14	110379515	0	0	9735255	12292451	4100139	84251670	42177029	42074641	42139711	42111959	71838192	12413478	84147010	0	76.32908153292756	76.2342632145104
ES75_Blue-042_MG-protein_21	106056434	0	0	9318724	10629472	3970285	82137953	41103488	41034465	41079560	41058393	69737958	12399995	82066724	0	77.44740220098292	77.38024078765461
ES76_Blue-043_MG-lipid_0	90768021	0	0	8087091	9870013	3334942	69475975	34774027	34701948	34746738	34729237	59754776	9721199	69402046	0	76.54234854365724	76.46090025472738
ES77_Blue-043_MG-lipid_14	100731246	0	0	7893782	10510702	3793719	78533043	39304966	39228077	39273713	39259330	67387862	11145181	78454830	0	77.96294210437941	77.88529688196253
ES78_Blue-043_MG-lipid_21	109714492	0	0	8673324	11469021	4068132	85504015	42784714	42719301	42758365	42745650	73532921	11971094	85437134	0	77.93320047455535	77.87224134437956
ES79_Blue-050_Control-lipid_0	86117180	0	0	7433010	11141398	3161170	64381602	32219826	32161776	32198419	32183183	55312194	9069408	64322026	0	74.76046243037683	74.6912822737577
ES7_SEM19-1354_Control-protein_14	94431852	0	0	7863940	8236019	3797801	74534092	37296698	37237394	37276096	37257996	63928686	10605406	74473470	0	78.92897409234332	78.86477753290278
ES80_Blue-050_Control-lipid_14	92268235	0	0	7869107	10841915	3465946	70091267	35076406	35014861	35055576	35035691	60212142	9879125	70028298	0	75.9646773345128	75.89643174598496
ES81_Blue-047_Control-lipid_0	98689400	0	0	8156068	10191475	3649764	76692093	38399172	38292921	38363476	38328617	65320646	11371447	76584130	0	77.71056770027987	77.60117094642382
ES82_Blue-047_Control-lipid_14	64282144	0	0	4406180	7537581	2319167	50019216	25041487	24977729	25021715	24997501	42407715	7611501	49954596	0	77.81199083838897	77.71146525542147
ES83_SEM19-1481_MG-lipid_0	102522599	0	0	8666009	10139288	3876805	79840497	39961134	39879363	39932279	39908218	68383379	11457118	79757146	0	77.87599785682374	77.79469773293593
ES84_LD19-239_MG-lipid_0	102170962	0	0	9399032	11166453	3909604	77695873	38883889	38811984	38857152	38838721	66602236	11093637	77622006	0	76.04496569191548	75.97266824207841
ES85_orange-24_Control-protein_0	97122027	0	0	7273117	10510005	3704667	75634238	37842200	37792038	37823968	37810270	64448637	11185601	75582884	0	77.87547308912735	77.82259733932447
ES86_orange-24_Control-protein_14	77582105	0	0	6622907	8734693	3119546	59104959	29575490	29529469	29559182	29545777	50492483	8612476	59057902	0	76.18375268368911	76.12309823251123
ES87_orange-24_Control-protein_21	94563781	0	0	7133265	10561221	3674816	73194479	36624329	36570150	36605096	36589383	62300891	10893588	73139138	0	77.4022339483232	77.3437115421601
ES88_610_MG-protein_0	105152979	0	0	7469577	9748984	3934641	83999777	42026682	41973095	42007691	41992086	71684964	12314813	83945304	0	79.88340206700182	79.8315984942281
ES8_SEM19-1354_Control-protein_21	99669727	0	0	8023585	9445856	3973307	78226979	39152353	39074626	39124025	39102954	67115740	11111239	78148176	0	78.4861977197951	78.40713359232939
ES90_Blue-049_Control-protein_14	98399413	0	0	9399115	11745430	3900877	73353991	36731369	36622622	36693919	36660072	62480419	10873572	73242814	0	74.54718352842207	74.43419809831589
ES91_Blue-049_Control-protein_21	94103350	0	0	9285470	10553183	3618618	70646079	35359132	35286947	35333681	35312398	60183785	10462294	70571494	0	75.07286297459123	74.99360437221416
ES92_SEM19-76_MG-lipid_0	109231938	0	0	10398970	10762730	4557786	83512452	41816289	41696163	41778523	41733929	71228683	12283769	83390332	0	76.45424362973401	76.3424448259812
ES93_SEM19-76_MG-lipid_14	104687417	0	0	9066443	11698084	3940695	79982195	40024654	39957541	39998897	39983298	68273583	11708612	79913212	0	76.40096325998759	76.33506899878904
ES94_SEM19-76_MG-lipid_21	109807418	0	0	11227598	11441986	4535957	82601877	41351269	41250608	41316855	41285022	70861784	11740093	82498792	0	75.22431408049319	75.13043608766031
ES95_610_MG-protein_14	108035486	0	0	8426604	12238124	4035543	83335215	41702831	41632384	41674492	41660723	70953563	12381652	83263140	0	77.1368909285973	77.07017673803958
ES96_610_MG-protein_21	104005365	0	0	7631435	10165523	3736747	82471660	41293552	41178108	41248562	41223098	70346245	12125415	82354964	0	79.295582492307	79.18338058810717
ES97_SEM19-107_MG-protein_0	107583873	0	0	12562463	10572337	4660258	79788815	39913893	39874922	39898179	39890636	68455464	11333351	79747282	0	74.16428947487324	74.12568424637399
ES98_SEM19-107_MG-protein_14	122896415	0	0	10396523	12841739	4806983	94851170	47450367	47400803	47429564	47421606	81457951	13393219	94800104	0	77.1797696458436	77.13821757941433
ES99_SEM19-107_MG-protein_21	107128840	0	0	13954032	11693874	4700050	76780884	38409429	38371455	38394124	38386760	65814927	10965957	76739432	0	71.67153494801212	71.63284135252468
ES9_172_Control-protein_0	100399337	0	0	9897445	8825170	4796845	76879877	38476429	38403448	38451273	38428604	65594500	11285377	76805638	0	76.57408833287414	76.50014461748886
