Sample	total_splicing_events	known_splicing_events	partial_novel_splicing_events	novel_splicing_events	total_splicing_junctions	known_splicing_junctions	partial_novel_splicing_junctions	novel_splicing_junctions	known_splicing_events_pct	partial_novel_splicing_events_pct	novel_splicing_events_pct	known_splicing_junctions_pct	partial_novel_splicing_junctions_pct	novel_splicing_junctions_pct
ES100_SEM19-140_Control-lipid_0	11027336	10924874	73140	27662	121239	98383	16611	6245	99.07083632891933	0.6632608274564228	0.2508493438487773	81.14798043533847	13.701036795090687	5.150982769570848
ES101_SEM19-140_Control-lipid_14	10139707	10040743	70496	26872	123687	99054	17759	6874	99.02399546653568	0.6952469139394265	0.26501751973701015	80.08440660699992	14.358016606433981	5.5575767865660906
ES102_SEM19-140_Control-lipid_21	11425242	11313169	79233	30837	130790	103649	19402	7739	99.01907548216484	0.6934907812018336	0.26990237931065264	79.24841348726966	14.834467466931722	5.917119045798609
ES103_625_Control-lipid_0	12514868	12388721	87325	36628	132115	103603	20968	7544	98.99202292824822	0.6977700443983907	0.2926758796017665	78.41880180146084	15.871021458577756	5.710176739961397
ES104_625_Control-lipid_14	9783060	9687319	65698	28141	119964	96115	17655	6194	99.02135937017661	0.6715485747813057	0.2876502852890609	80.11986929412157	14.716915074522358	5.163215631356073
ES105_625_Control-lipid_21	13385606	13251653	92318	38936	135435	105790	21685	7960	98.9992757892321	0.6896811395763479	0.2908796209898902	78.1112710894525	16.01137076826522	5.877358142282276
ES10_172_Control-protein_14	10539690	10445716	65204	27049	126908	103292	16950	6666	99.10837984798414	0.6186519717373092	0.25663942677630935	81.39124405080847	13.356132001134679	5.25262394805686
ES11_172_Control-protein_21	11512947	11411321	70406	29309	128810	104007	17805	6998	99.11728943076	0.6115376019710679	0.2545742632186181	80.74450741402065	13.822684574179023	5.432808011800326
ES12_209_MG-lipid_0	12099322	11999695	67024	30744	124988	102247	16840	5901	99.17659022546883	0.553948394794353	0.2540968824534135	81.80545332351906	13.473293436169872	4.72125324031107
ES13_209_MG-lipid_14	11824945	11709252	77005	36639	123321	98964	17963	6394	99.02161912803822	0.6512081028706688	0.3098449929365422	80.24910599168025	14.566051199714567	5.184842808605185
ES14_209_MG-lipid_21	9776825	9689379	59691	26237	116202	94521	15875	5806	99.1055787538388	0.6105356288979296	0.2683591043104484	81.3419734600093	13.661554878573517	4.996471661417187
ES15_601_Control-protein_14	11204010	11096759	76026	29417	131267	104958	18933	7376	99.04274451736477	0.6785606224914116	0.2625577806517488	79.95764358140279	14.423274699657949	5.619081718939261
ES16_601_Control-protein_21	12654692	12533551	86087	33054	131839	103240	20615	7984	99.0427187007001	0.6802773232252511	0.26119956139588385	78.30763279454486	15.636496029247796	6.055871176207344
ES17_615_Control-protein_0	11339682	11245588	65038	27326	126412	103393	16640	6379	99.17022364471948	0.5735434203534103	0.24097677518646465	81.7904945733	13.163307280954339	5.046198145745657
ES18_615_Control-protein_14	10563846	10454612	74818	32336	131316	104996	18723	7597	98.96596372192477	0.7082458415240056	0.3061006379684066	79.95674556032776	14.257973133510008	5.785281306162235
ES19_615_Control-protein_21	10361895	10265070	66795	28144	132804	107927	17738	7139	99.06556667482155	0.6446214712656324	0.2716105500007479	81.26788349748502	13.35652540586127	5.375591096653715
ES1_48_Control-lipid_0	12727931	12598213	90729	36853	137260	107848	21341	8071	98.98083985527578	0.7128338455008909	0.2895443100689342	78.57205303803002	15.54786536500073	5.880081596969255
ES20_618_Control-lipid_0	12052247	11940696	77315	32308	133434	106473	19416	7545	99.07443815248726	0.641498635067801	0.2680661954571625	79.7945051486128	14.551013984441747	5.654480866945456
ES21_618_Control-lipid_14	8752462	8672705	55228	23188	116321	96446	14189	5686	99.0887478288966	0.6309995975989384	0.2649311702238753	82.91366133372306	12.198141350229108	4.888197316047833
ES22_618_Control-lipid_21	11316722	11203636	78609	32668	132361	104829	19728	7804	99.00071769899445	0.6946269423248181	0.28867016438152315	79.19931097528729	14.90469246983628	5.895996554876437
ES23_Blue-010_Control-lipid_0	11096540	10984480	77523	32603	131397	105513	18819	7065	98.99013566390965	0.6986231744309487	0.2938123054573768	80.30092011233133	14.32224480010959	5.376835087559076
ES24_Blue-010_Control-lipid_21	12286685	12182074	71672	30598	127949	103099	17789	7061	99.14858238817061	0.5833306542814437	0.24903381180521844	80.57819912621436	13.903195804578386	5.518605069207262
ES25_619_MG-lipid_0	11311298	11215573	68565	25626	122541	99129	17168	6244	99.15372223417684	0.6061638549351277	0.22655224891077927	80.8945577398585	14.010004814715074	5.095437445426429
ES26_619_MG-lipid_14	10839825	10736549	74205	27362	126089	100929	18459	6701	99.04725399164654	0.6845590219399299	0.2524210492328059	80.0458406363759	14.639659288280502	5.314500075343607
ES27_619_MG-lipid_21	10987163	10875629	79409	30267	123124	99365	17250	6509	98.98486988861455	0.722743441596343	0.27547602597686044	80.70319352847535	14.01026607322699	5.286540398297651
ES28_Blue-098_Control-lipid_0	13375416	13224969	106215	41265	139098	104995	24214	9889	98.87519760133068	0.7941061421940072	0.3085137688427784	75.48275316683201	17.407870709859235	7.109376123308746
ES29_Blue-098_Control-lipid_14	13072762	12942167	91976	36024	135710	104732	22089	8889	99.00101447574737	0.7035697582500163	0.27556533194744925	77.17338442266598	16.276619261660894	6.549996315673126
ES2_48_Control-lipid_14	11559263	11453829	72932	30733	128091	102036	18963	7092	99.0878830250683	0.6309398791255116	0.26587335196024175	79.6589924350657	14.804318804599855	5.5366887603344495
ES30_Blue-098_Control-lipid_21	8583289	8495479	62496	23673	120255	95752	17689	6814	98.97696558976402	0.7281124986004782	0.2758033662853482	79.6241320527213	14.709575485426802	5.666292461851898
ES31_Blue-055_NA_0	12230506	12115958	80712	31973	125322	99916	18034	7372	99.06342386815395	0.6599236368470772	0.2614200916953068	79.72742216051452	14.390131022486074	5.882446816999409
ES32_Blue-055_NA_14	12110516	12005206	69450	33603	132072	108116	16917	7039	99.13042516107488	0.5734685458489135	0.2774695974969192	81.86140892846326	12.808922405960384	5.329668665576352
ES33_101-LS_MG-lipid_0	12684992	12559466	89957	33903	125982	97431	20579	7972	99.01043690055145	0.7091608729433964	0.2672685958335646	77.33723865314093	16.33487323585909	6.327888110999984
ES34_101-LS_MG-lipid_14	11674017	11547781	89183	35258	130224	101321	20569	8334	98.91865841894868	0.7639444074820175	0.30202114661988244	77.80516648236883	15.795091534586557	6.3997419830446
ES35_101-LS_MG-lipid_21	11255721	11130743	90919	32607	127103	98471	20594	8038	98.88964909489138	0.8077581169611436	0.2896926816149761	77.47338772491601	16.20260733420926	6.324004940874723
ES36_AR17-21_MG-lipid_0	10450058	10357960	63583	26902	126552	103237	16846	6469	99.1186843173502	0.6084463837425591	0.2574339778784003	81.57674315696315	13.311524116568682	5.111732726468171
ES37_AR17-21_MG-lipid_14	11852492	11743556	75197	31932	130403	104533	18497	7373	99.08090214277301	0.6344404197868262	0.26941169840064016	80.16149935200878	14.18448962063756	5.654011027353665
ES38_AR17-21_MG-lipid_21	10662671	10560097	70000	30690	134769	109711	17963	7095	99.03800839395683	0.6564959192682583	0.2878265680334693	81.40670332198057	13.328732868834821	5.2645638091846045
ES39_LD19-239_MG-lipid_14	10991270	10864489	89372	35056	135626	106886	21238	7502	98.84653001882403	0.8131180473230118	0.3189440346747919	78.80937283411735	15.659239378880155	5.531387787002492
ES3_48_Control-lipid_21	10465899	10364978	70949	28388	125088	100402	17995	6691	99.03571589979991	0.6779064082311514	0.27124282395616467	80.26509337426452	14.385872345868508	5.349034279866974
ES40_LD19-239_MG-lipid_21	12852212	12704793	103816	41024	137164	106885	22116	8163	98.85296787821427	0.8077675656143861	0.3191979715242792	77.92496573444927	16.123764253010993	5.951270012539734
ES41_Blue-013_Control-protein_0	12045786	11929650	79045	35093	129969	103656	19010	7303	99.03587860518192	0.6562045847402569	0.29133009668277354	79.75440297301665	14.626564796220636	5.61903223076272
ES42_Blue-013_Control-protein_14	10397440	10281846	79929	33600	129242	102008	19646	7588	98.88824556813985	0.7687373045672781	0.323156469284747	78.92790269417063	15.200940870614815	5.871156435214559
ES43_Blue-013_Control-protein_21	11582412	11465318	81236	34079	128518	101016	19975	7527	98.98903613513316	0.7013737725786304	0.2942305972193011	78.60066294215596	15.542569912385815	5.856767145458224
ES44_Blue-015_MG-lipid_0	12105813	11976841	89395	37319	136753	107441	21167	8145	98.93462752150558	0.7384468932404622	0.30827338899089224	78.56573530379589	15.478271043414038	5.955993652790067
ES45_Blue-015_MG-lipid_14	13647518	13508886	97234	39239	137632	107493	21748	8391	98.98419624725902	0.7124665451989145	0.287517481200611	78.10174959311787	15.801557777261102	6.096692629621018
ES46_Blue-015_MG-lipid_21	10762800	10625718	96600	38505	136635	105925	21982	8728	98.72633515442078	0.8975359571858623	0.357760062437284	77.5240604530318	16.088117978556006	6.387821568412193
ES47_Blue-45_MG-protein_0	10393398	10274147	82841	34125	135990	107203	20797	7990	98.8526274082836	0.7970540529670854	0.32833342858610826	78.83153173027428	15.293036252665637	5.875432017060078
ES48_Blue-45_MG-protein_14	11422430	11294686	87623	37742	133501	104271	21011	8219	98.88163902076879	0.767113477605028	0.3304200594794628	78.10503292110171	15.738458887948406	6.15650819094988
ES49_Blue-024_Control-protein_0	10984386	10891665	65268	26043	117915	94868	16729	6318	99.15588363336832	0.594188878650113	0.23709108547350757	80.45456472883009	14.187338336937625	5.358096934232286
ES4_164_Control-protein_0	10960118	10859746	72556	26102	123054	98819	18129	6106	99.08420694010776	0.6620001718959595	0.2381543702357949	80.30539437970322	14.732556438636696	4.962049181660085
ES50_Blue-024_Control-protein_14	9580707	9491842	62771	24592	111771	89568	16234	5969	99.07245884880939	0.6551812929880854	0.25668251831519323	80.13527659231823	14.52433994506625	5.340383462615526
ES51_Blue-024_Control-protein_21	9293873	9203773	63053	25488	110544	88321	16127	6096	99.03054410147416	0.6784362127608157	0.27424519358076016	79.89669271964105	14.588761036329426	5.5145462440295265
ES52_SEM19-1481_MG-lipid_14	10844277	10730642	78072	33245	129062	101326	19998	7738	98.95212009062476	0.7199373457538939	0.30656723357398563	78.5095535479072	15.494878430521764	5.995568021571028
ES53_SEM19-74_MG-protein_0	10611344	10518376	65315	26307	128578	104727	17382	6469	99.12388100885241	0.6155205221883298	0.2479139306010624	81.45017032462786	13.518642380500554	5.031187294871596
ES54_SEM19-74_MG-protein_14	10722061	10623614	70649	26455	128047	102643	18490	6914	99.08182764489028	0.6589124982594298	0.2467342799112969	80.16040984950838	14.440010308714768	5.3995798417768475
ES55_SEM19-74_MG-protein_21	9294589	9199522	68247	25629	126206	101408	18053	6745	98.97717908774665	0.7342659261211013	0.2757410790299603	80.35117189357082	14.304391233380345	5.344436873048825
ES56_Blue-050_Control-lipid_21	11889234	11785796	73977	26293	121579	96386	17916	7277	99.1299860024624	0.6222183868195378	0.22114965522589597	79.27849381883384	14.736097516840902	5.985408664325254
ES57_Blue-031_MG-lipid_0	14016204	13900336	79778	34082	125062	99765	18176	7121	99.17332824208323	0.5691840672410304	0.24316141517346637	79.77243287329485	14.533591338696006	5.693975788009147
ES58_Blue-032_MG-protein_0	12030745	11917791	78034	32355	136442	109537	18997	7908	99.0611221499583	0.6486215109704344	0.2689359636497989	80.28099851951745	13.9231321733777	5.795869307104851
ES59_Blue-032_MG-protein_14	11810814	11695457	81081	32236	134754	106424	20178	8152	99.02329339874457	0.6864979839662194	0.27293631074030966	78.97650533564867	14.973952535731778	6.049542128619559
ES5_164_Control-protein_14	10389512	10286684	73510	27398	124138	99755	18061	6322	99.01027112726759	0.7075404504080653	0.2637082473171021	80.35814980102789	14.549130806038441	5.092719392933671
ES60_Blue-032_MG-protein_21	10323520	10224658	68990	27863	129866	104448	18161	7257	99.04236152010168	0.6682798115371502	0.26989825175908994	80.42751759505953	13.984414704387598	5.588067700552878
ES61_Blue-035_MG-protein_0	9486253	9384934	69410	30084	128988	104273	17788	6927	98.93193866956742	0.731690373427738	0.317132591761995	80.83930288088814	13.790430117530313	5.370267001581543
ES62_Blue-035_MG-protein_14	10622943	10509107	77447	34124	128853	102221	19257	7375	98.92839489019192	0.7290540860475294	0.32122924880609827	79.33148626729685	14.944937254080232	5.7235764786229275
ES63_Blue-035_MG-protein_21	9888106	9781941	71187	32789	129164	104010	17949	7205	98.92633634793154	0.7199255347788546	0.33160040962344056	80.52553343036759	13.896286891084204	5.578179678548202
ES64_SEM19-1481_MG-lipid_21	11260412	11142091	81490	34561	128181	100481	20123	7577	98.94923027683178	0.7236857763286104	0.3069248265516395	78.38993298538784	15.698894531950913	5.911172482661237
ES65_106_NA_0	11349762	11246085	68680	32405	126648	102736	17081	6831	99.08652710074449	0.6051228210776578	0.28551259488965497	81.11932284757754	13.486987556060893	5.393689596361569
ES66_617_Control-protein_14	10501673	10404488	68324	27282	122282	98202	17699	6381	99.07457602231568	0.6506010994629141	0.25978717867143647	80.3078130877807	14.473920936850886	5.218265975368411
ES67_Blue-037_MG-protein_0	9767888	9658882	77178	29894	128407	102195	18859	7353	98.88403716340729	0.7901196246312407	0.30604364014001795	79.5867826520361	14.686894016681334	5.726323331282562
ES68_Blue-037_MG-protein_14	9180587	9075943	74051	28703	118474	93165	18282	7027	98.8601600311614	0.8066041964419051	0.31264885349923704	78.63750696355318	15.431233857217617	5.9312591792291975
ES69_Blue-037_MG-protein_21	9575043	9457731	82927	32358	133116	106197	19304	7615	98.77481490161453	0.8660744395612636	0.3379410411002854	79.7777877941044	14.501637669401124	5.720574536494486
ES6_164_Control-protein_21	9783781	9680119	74218	27348	127677	102390	18648	6639	98.94047096925003	0.7585819837954263	0.2795238364391026	80.19455344345496	14.605606334735308	5.199840221809723
ES70_Blue-039_Control-lipid_0	13688465	13554418	94095	37489	139461	110026	21030	8405	99.02073022796931	0.6874035912719213	0.27387292877616304	78.89374090247453	15.079484587088862	6.02677451043661
ES71_Blue-039_Control-lipid_14	9530435	9440420	63278	25049	126361	102656	17136	6569	99.05549956533987	0.6639571016433142	0.262831654588694	81.24025609167386	13.561146239741692	5.198597668584452
ES72_Blue-039_Control-lipid_21	10606430	10500929	73748	29951	127968	101445	18834	7689	99.00531092931362	0.6953140689185711	0.2823853077802804	79.2737246811703	14.717741935483872	6.008533383345836
ES73_Blue-042_MG-protein_0	13413795	13281637	93345	36611	130922	101955	20812	8155	99.01476055061225	0.6958880764168529	0.2729354369885629	77.87461236461405	15.89648798521257	6.2288996501733855
ES74_Blue-042_MG-protein_14	12456869	12324269	94831	35724	134632	103367	22552	8713	98.93552705740102	0.7612747633454282	0.2867815339472543	76.77743775625409	16.75084675262939	6.471715491116525
ES75_Blue-042_MG-protein_21	12440579	12327378	80766	30467	126728	99338	19920	7470	99.09006646716362	0.6492141563507614	0.24490017707375195	78.38678113755445	15.71870462723313	5.894514235212423
ES76_Blue-043_MG-lipid_0	9759615	9654591	73666	29309	127325	101997	18244	7084	98.92389197729624	0.7548043647213543	0.3003089773520779	80.10759866483409	14.32868643235814	5.563714902807775
ES77_Blue-043_MG-lipid_14	11194578	11055441	98259	38283	135861	104935	22463	8463	98.75710366214787	0.8777374189540686	0.34197805401865083	77.23702902230957	16.53381029140077	6.229160686289664
ES78_Blue-043_MG-lipid_21	12023607	11885186	96164	39484	142485	111951	21950	8584	98.84875645053934	0.7997932733496695	0.32838731339106475	78.57037582903463	15.405130364599781	6.024493806365582
ES79_Blue-050_Control-lipid_0	9097891	9006190	66173	22708	121126	96887	17530	6709	98.99206310561426	0.7273443922333209	0.24959630753984635	79.98860690520615	14.472532734507867	5.538860360285983
ES7_SEM19-1354_Control-protein_14	10644369	10529601	80251	32575	127331	99875	19676	7780	98.92179611586182	0.7539291431929878	0.3060303527621036	78.43730120709019	15.452639184487674	6.1100596084221435
ES80_Blue-050_Control-lipid_14	9907750	9818112	64990	22235	115741	92892	16396	6453	99.09527390174358	0.6559511493527794	0.2244202770558401	80.25850822094158	14.16611226790852	5.575379511149895
ES81_Blue-047_Control-lipid_0	11409154	11296907	78990	31246	127277	99918	19842	7517	99.01616719346588	0.6923388009312522	0.27386780825291696	78.50436449633477	15.589619491345646	5.906016012319586
ES82_Blue-047_Control-lipid_14	7636702	7564982	49258	21100	109141	89569	14037	5535	99.06085113704842	0.6450166577142855	0.2762972812085636	82.06723412832942	12.861344499317399	5.0714213723531945
ES83_SEM19-1481_MG-lipid_0	11503732	11393413	75139	32758	128574	102110	19275	7189	99.04101555912463	0.6531706406234081	0.2847597631794621	79.41730054287804	14.991366839329881	5.591332617792089
ES84_LD19-239_MG-lipid_0	11143513	11019838	87614	33930	131520	103667	20466	7387	98.89016147780328	0.786233210299122	0.304482078497149	78.82223236009732	15.561131386861312	5.616636253041363
ES85_orange-24_Control-protein_0	11228658	11115377	78413	32641	134001	106241	19643	8117	98.99114391051896	0.6983292215329739	0.29069368752704017	79.28373668853219	14.658845829508735	6.05741748195909
ES86_orange-24_Control-protein_14	8644500	8560635	58627	23490	118074	95545	16183	6346	99.0298455665452	0.678200011568049	0.2717334721499219	80.91959279773701	13.705811609668514	5.374595592594475
ES87_orange-24_Control-protein_21	10932436	10819685	77972	32573	123254	94799	20168	8287	98.96865620800341	0.7132170725719318	0.2979482340440868	76.91352816135785	16.3629577944732	6.723514044168952
ES88_610_MG-protein_0	12358146	12248689	75368	31669	135770	110194	18545	7031	99.11429271024957	0.6098649425245503	0.25626012186617636	81.16225970391102	13.659129410031671	5.178610886057303
ES8_SEM19-1354_Control-protein_21	11153472	11024278	90201	36508	129806	100367	21107	8332	98.84167010954079	0.8087257492554784	0.32732408347822095	77.32077099671818	16.2604193950973	6.418809608184521
ES90_Blue-049_Control-protein_14	10908473	10807159	70784	28483	121752	96161	18350	7241	99.07123572657694	0.6488900875493756	0.26110895631313386	78.98104343255142	15.071621000065708	5.9473355673828765
ES91_Blue-049_Control-protein_21	10495643	10403399	65293	25216	121007	97179	17416	6412	99.12112102136096	0.6220962355522192	0.24025207412256686	80.30857718974936	14.392555802556878	5.2988670076937705
ES92_SEM19-76_MG-lipid_0	12326542	12228830	67141	28545	124910	101959	16593	6358	99.20730404358335	0.5446864173261244	0.23157346155961664	81.6259706989032	13.283964454407174	5.090064846689617
ES93_SEM19-76_MG-lipid_14	11754943	11649319	72068	30833	123775	99804	17155	6816	99.10145034305994	0.6130867669881513	0.2622981668222466	80.63340739244596	13.859826297717634	5.506766309836396
ES94_SEM19-76_MG-lipid_21	11783542	11680060	72243	29183	120871	97322	16959	6590	99.12180904519201	0.6130839097446251	0.24765898063587333	80.5172456585947	14.030660787120153	5.452093554285147
ES95_610_MG-protein_14	12429642	12304675	86877	35648	136192	108463	19768	7961	98.99460499345032	0.6989501387087416	0.2867982842949137	79.6397732612782	14.514802631578947	5.845424107142857
ES96_610_MG-protein_21	12173399	12047375	89719	34049	132058	104436	20002	7620	98.96475914409771	0.7370086201889875	0.2797000246192538	79.0834330369989	15.14637507761741	5.770191885383695
ES97_SEM19-107_MG-protein_0	11387844	11265978	86883	33017	131816	103413	20702	7701	98.92985889163919	0.7629451193746595	0.289931966050817	78.45253990410875	15.705225465800812	5.842234630090429
ES98_SEM19-107_MG-protein_14	13458697	13281565	126003	48166	142936	106562	26106	10268	98.68388448005034	0.9362199030114133	0.3578801127627734	74.55224715956791	18.264118206749874	7.183634633682208
ES99_SEM19-107_MG-protein_21	11017433	10896502	85468	33192	133348	104704	20747	7897	98.90236682174513	0.7757523916868838	0.3012679995421801	78.51936287008428	15.558538560758317	5.922098569157392
ES9_172_Control-protein_0	11326842	11226190	68406	30201	131218	106554	17543	7121	99.1113851504241	0.6039282617343827	0.26663212923778756	81.20379825938514	13.369354814126112	5.426846926488744
